   5.7695626e-01   1.0095137e+00
   3.2794337e-01   9.9186187e-01
   2.1838895e-01   9.1827680e-01
  -5.6242731e-02   8.9559916e-01
  -4.0192996e-02   9.6593276e-01
  -2.4990492e-01   9.3272506e-01
  -3.9804734e-01   8.3910512e-01
  -6.3427735e-01   8.7952313e-01
  -7.8958831e-01   8.2063496e-01
  -9.0750790e-01   7.0486378e-01
  -1.1324224e+00   8.2361879e-01
  -1.2170705e+00   5.7324898e-01
  -1.5589393e+00   4.7204117e-01
  -1.6945087e+00   4.1325148e-01
  -1.8142426e+00   3.5565909e-01
  -1.8332532e+00   1.6419635e-01
  -2.0494812e+00   9.6869734e-03
  -2.1144487e+00  -9.9713037e-02
  -2.1757394e+00  -2.4010393e-01
  -2.3584502e+00  -3.4807594e-01
  -2.3620435e+00  -6.2327529e-01
  -2.3025467e+00  -7.8910981e-01
  -2.2447171e+00  -9.9478188e-01
  -2.3625781e+00  -1.1108884e+00
  -2.3002768e+00  -1.3046900e+00
  -2.2016232e+00  -1.5382033e+00
  -1.8994248e+00  -1.5668029e+00
  -1.9197072e+00  -1.9104755e+00
  -1.7877121e+00  -1.9059181e+00
  -1.5919450e+00  -1.9833635e+00
  -1.3647192e+00  -1.9974639e+00
  -1.1507465e+00  -2.1186118e+00
  -9.0452927e-01  -2.1283905e+00
  -7.8121168e-01  -2.1922495e+00
  -6.4591141e-01  -2.0304066e+00
  -3.2347644e-01  -2.1069140e+00
  -9.8155736e-02  -2.1208105e+00
  -4.1124169e-02  -1.9030768e+00
   3.8799454e-02  -1.9811372e+00
   2.4142020e-01  -1.6903425e+00
   2.4642096e-01  -1.5799361e+00
   2.3769272e-01  -1.5298251e+00
   3.5350373e-01  -1.3067440e+00
   5.0891689e-01  -1.1442491e+00
   3.9899263e-01  -1.1671440e+00
   3.8559839e-01  -9.7180381e-01
   3.7052583e-01  -8.8630969e-01
   3.1531806e-01  -8.9370643e-01
   1.9781984e-01  -8.2739652e-01
   4.0294587e-01  -8.3912136e-01
   3.4352577e-01  -9.3693194e-01
   2.4255766e-01  -8.8922928e-01
   2.7528805e-01  -9.1482823e-01
   3.4712980e-01  -1.1258814e+00
   4.3758814e-01  -1.1605876e+00
   5.9890614e-01  -1.2664574e+00
   6.8952388e-01  -1.1829056e+00
   8.8037082e-01  -1.2358458e+00
   1.0788620e+00  -9.7678961e-01
   1.2871976e+00  -9.6077512e-01
   1.4551137e+00  -8.0090861e-01
   1.5892546e+00  -4.9973604e-01
   1.7110944e+00  -3.2836330e-01
   1.7135344e+00  -1.2331275e-01
   1.8374129e+00   1.8041625e-01
   1.7606908e+00   5.8637136e-01
   1.6285308e+00   9.0573395e-01
   1.3355456e+00   1.1671855e+00
   1.1663693e+00   1.3841309e+00
   6.4669042e-01   1.5657279e+00
   4.1521182e-01   1.5321369e+00
   3.3842522e-02   1.6460718e+00
  -2.6701077e-01   1.6221144e+00
  -5.3114887e-01   1.2859443e+00
  -8.0791623e-01   1.1699204e+00
  -1.1267814e+00   7.8141706e-01
  -1.1398587e+00   4.4224152e-01
  -1.2654816e+00   8.2286146e-02
  -1.1330826e+00  -2.7225049e-01
  -8.3558095e-01  -5.5799129e-01
  -5.6251681e-01  -7.8466505e-01
  -1.0984943e-01  -9.3026044e-01
   6.5006685e-02  -8.4675246e-01
   4.4584392e-01  -6.9544648e-01
   8.1184439e-01  -5.9864993e-01
   8.3346501e-01  -3.4356324e-01
   1.1261828e+00   1.4514924e-01
   1.0448415e+00   6.2002561e-01
   7.6254943e-01   1.0290847e+00
   5.1234487e-01   1.2152111e+00
   1.3358152e-01   1.4357631e+00
  -3.9738002e-01   1.5609313e+00
  -9.1646300e-01   1.4950162e+00
  -1.3543670e+00   1.1525449e+00
  -1.8276369e+00   7.7623614e-01
  -2.0107618e+00   1.9277675e-01
  -2.0957468e+00  -4.6654938e-01
  -1.8326107e+00  -1.0483610e+00
  -1.7096519e+00  -1.6207316e+00
  -1.0212579e+00  -1.9401875e+00
  -5.2610376e-01  -2.4272079e+00
   2.3798686e-01  -2.5588618e+00
   8.5771381e-01  -2.4549918e+00
   1.6439440e+00  -1.9548900e+00
   2.3247924e+00  -1.3998180e+00
   2.5079718e+00  -7.9415009e-01
   2.4401740e+00   4.5402031e-02
   2.5005768e+00   8.1595541e-01
   2.0934039e+00   1.3654007e+00
   1.5795032e+00   2.1455228e+00
   7.8582781e-01   2.3395607e+00
   2.1153377e-01   2.2593192e+00
  -6.5957364e-01   2.1869331e+00
  -1.2937587e+00   1.8497733e+00
  -1.5331243e+00   1.4044791e+00
  -1.9453852e+00   7.8618487e-01
  -1.9900965e+00   1.1339858e-01
  -1.7963974e+00  -4.5801018e-01
  -1.4182248e+00  -7.4989188e-01
  -1.2021521e+00  -1.2283353e+00
  -7.0332357e-01  -1.3197178e+00
  -5.0151672e-01  -1.2819737e+00
   1.8415556e-01  -1.1586025e+00
   3.3820457e-01  -1.0681980e+00
   5.1653863e-01  -8.3824820e-01
   6.1910272e-01  -6.3320556e-01
   5.5467949e-01  -5.4227310e-01
   9.2105607e-01  -3.8381650e-01
   9.4491201e-01  -1.9060694e-01
   9.5137103e-01   3.5365194e-03
   1.0103822e+00   3.7119718e-02
   8.0304780e-01   3.7386710e-01
   8.8391551e-01   7.4929363e-01
   6.1231077e-01   9.5899292e-01
   3.1194492e-01   1.2289087e+00
  -1.2052062e-01   1.3767874e+00
  -5.3360465e-01   1.2817545e+00
  -1.0977193e+00   1.0986384e+00
  -1.4298642e+00   7.2550426e-01
  -1.6289248e+00   1.8897503e-01
  -1.6338104e+00  -3.5303574e-01
  -1.2096490e+00  -1.1652396e+00
  -9.0778547e-01  -1.4915490e+00
  -3.0285432e-01  -1.7486710e+00
   6.6695022e-01  -1.6861361e+00
   1.1854798e+00  -1.4316045e+00
   1.7483679e+00  -7.5428287e-01
   1.7919893e+00   9.0981286e-03
   1.7010703e+00   7.8300695e-01
   1.2175235e+00   1.1551914e+00
   4.7061814e-01   1.5288713e+00
  -2.8704744e-01   1.4713400e+00
  -9.7700784e-01   1.1941213e+00
  -1.2467321e+00   4.6846174e-01
  -1.4160914e+00   3.5262808e-02
  -1.1522613e+00  -8.0303677e-01
  -5.7390412e-01  -1.0074191e+00
   8.7198992e-02  -1.1997101e+00
   4.9238258e-01  -8.6170910e-01
   7.5710411e-01  -3.7464086e-01
   8.3746382e-01   2.1574345e-01
   6.0087689e-01   5.6604006e-01
  -7.5492904e-02   9.1500038e-01
  -5.3067661e-01   7.7081291e-01
  -9.3691678e-01   5.0851144e-01
  -1.0836129e+00  -2.3376348e-01
  -7.9716866e-01  -8.9324576e-01
  -1.4604661e-01  -1.2317499e+00
   3.8230305e-01  -1.3441791e+00
   1.1387834e+00  -8.9008681e-01
   1.5632006e+00  -2.3808405e-01
   1.7046060e+00   5.6237442e-01
   1.2841042e+00   1.3468722e+00
   3.3196349e-01   1.8789059e+00
  -6.8046406e-01   1.8214538e+00
  -1.6204542e+00   1.4181227e+00
  -2.1917386e+00   4.7546899e-01
  -2.2184497e+00  -6.9921021e-01
  -1.5851230e+00  -1.7248290e+00
  -5.3409951e-01  -2.4900074e+00
   8.3662979e-01  -2.3969655e+00
   1.8439797e+00  -1.6284351e+00
   2.6108519e+00  -5.2299280e-01
   2.4455309e+00   7.3739052e-01
   1.7097395e+00   1.9474619e+00
   7.0728317e-01   2.6366417e+00
  -7.3947373e-01   2.4727457e+00
  -1.8552806e+00   1.6658247e+00
  -2.5017847e+00   5.2123450e-01
  -2.2461013e+00  -7.5568996e-01
  -1.5402374e+00  -1.7387851e+00
  -3.6421230e-01  -2.2965366e+00
   7.4104478e-01  -2.1064406e+00
   1.5282531e+00  -1.3317991e+00
   2.0454338e+00  -3.5650713e-01
   1.8760654e+00   7.6920598e-01
   9.7406162e-01   1.4516586e+00
   2.8292909e-01   1.6910943e+00
  -5.0707303e-01   1.4441857e+00
  -1.1348696e+00   9.8014050e-01
  -1.2685603e+00   3.0990846e-01
  -1.2924088e+00  -3.4196685e-01
  -8.7759124e-01  -6.9520619e-01
  -3.7460026e-01  -9.0285352e-01
   2.8869765e-02  -1.0536669e+00
   4.1261773e-01  -8.5434638e-01
   6.9391335e-01  -5.6760064e-01
   9.5105061e-01  -2.2532532e-01
   8.7732711e-01   1.8912955e-01
   7.6983754e-01   5.5673225e-01
   5.2610519e-01   9.9001541e-01
   4.4518726e-03   1.1844283e+00
  -6.8555358e-01   1.0662479e+00
  -1.1207552e+00   6.6934184e-01
  -1.4289277e+00  -1.5707994e-01
  -1.1174525e+00  -8.5754902e-01
  -5.0916106e-01  -1.4444603e+00
   2.1554487e-01  -1.5385648e+00
   1.1667720e+00  -1.0710611e+00
   1.6606023e+00  -2.2301884e-01
   1.6607052e+00   7.3923655e-01
   7.9288407e-01   1.6869788e+00
  -2.2028678e-01   1.7936569e+00
  -1.2509314e+00   1.2648902e+00
  -1.7336453e+00   3.4231926e-01
  -1.5229149e+00  -8.8173020e-01
  -8.5685816e-01  -1.5230750e+00
   4.0273072e-01  -1.6096184e+00
   1.3801807e+00  -9.7196983e-01
   1.6908923e+00  -1.5735348e-01
   1.2119760e+00   8.9578431e-01
   2.1795669e-01   1.3394710e+00
  -7.0396030e-01   1.2545806e+00
  -1.2084522e+00   4.4674991e-01
  -1.1448027e+00  -4.6266271e-01
  -4.9546477e-01  -1.0010183e+00
   2.6873741e-01  -1.0161928e+00
   7.7221775e-01  -4.3264212e-01
   9.3162643e-01   3.2915317e-01
   3.6276212e-01   8.4399940e-01
  -4.3411045e-01   8.2354328e-01
  -8.3910787e-01   2.5971072e-01
  -7.1194919e-01  -5.8674430e-01
  -1.6310825e-01  -9.6817901e-01
   7.4317884e-01  -8.9761152e-01
   1.0237950e+00  -6.0089741e-02
   1.0349243e+00   8.1672025e-01
   1.8296636e-01   1.3876004e+00
  -1.0630492e+00   1.1729823e+00
  -1.6771463e+00   1.7186804e-01
  -1.4135504e+00  -9.6235540e-01
  -2.8803492e-01  -1.6582937e+00
   1.0919473e+00  -1.7671034e+00
   1.9568998e+00  -7.2072482e-01
   1.9147985e+00   9.0834403e-01
   7.9531610e-01   2.1000764e+00
  -8.1715908e-01   2.1203476e+00
  -2.1406336e+00   8.8458297e-01
  -2.3633859e+00  -7.1084199e-01
  -1.3868668e+00  -2.1885907e+00
   4.9947443e-01  -2.5780132e+00
   2.1856852e+00  -1.3891139e+00
   2.6147102e+00   2.4269348e-01
   1.8359246e+00   1.9205207e+00
  -9.8098652e-02   2.7208678e+00
  -1.9671744e+00   1.8725937e+00
  -2.4556705e+00   2.6322333e-02
  -1.8404414e+00  -1.6120504e+00
  -2.1025488e-01  -2.4684360e+00
   1.4119799e+00  -1.8107259e+00
   2.2304994e+00  -2.8781667e-01
   1.7838994e+00   1.3282345e+00
   4.6017364e-01   2.1379966e+00
  -1.1360206e+00   1.6337394e+00
  -1.8344020e+00   5.6484302e-01
  -1.6851918e+00  -8.8708221e-01
  -5.2770610e-01  -1.5941623e+00
   5.5903086e-01  -1.4435243e+00
   1.2536774e+00  -6.8045481e-01
   1.2367404e+00   3.4795970e-01
   6.6814145e-01   9.2866806e-01
  -1.2709963e-01   1.0057999e+00
  -5.4430204e-01   7.0493566e-01
  -9.3945928e-01   3.7828990e-01
  -8.3643422e-01  -5.4873988e-01
  -3.4798296e-01  -8.1904633e-01
   1.9273112e-01  -8.8471679e-01
   6.1437842e-01  -5.9499993e-01
   8.9385514e-01  -5.1479740e-02
   7.9021751e-01   7.1187803e-01
   1.9822879e-01   1.1127677e+00
  -5.9362379e-01   9.7463506e-01
  -1.3333927e+00   3.5353030e-01
  -1.2041913e+00  -8.7690159e-01
  -3.7755399e-01  -1.5656764e+00
   8.8524741e-01  -1.2787565e+00
   1.5505418e+00  -3.1950129e-01
   1.3697377e+00   9.8622940e-01
   6.0631474e-02   1.8141165e+00
  -1.1673739e+00   1.1390116e+00
  -1.8596814e+00  -7.8587089e-02
  -1.1263822e+00  -1.4969014e+00
   2.8513597e-01  -1.7307166e+00
   1.4993602e+00  -8.9453958e-01
   1.6436352e+00   5.4128227e-01
   5.6634016e-01   1.7819421e+00
  -8.4942406e-01   1.5302740e+00
  -1.7570212e+00   3.2574663e-01
  -1.3152977e+00  -1.1039052e+00
  -2.1050437e-02  -1.4917971e+00
   1.3185285e+00  -8.5462118e-01
   1.3531248e+00   4.5062960e-01
   4.6550950e-01   1.2596179e+00
  -7.4245967e-01   9.1868143e-01
  -1.0835389e+00  -9.5803002e-02
  -4.2934025e-01  -1.0677309e+00
   5.5828476e-01  -8.5060533e-01
   1.0253900e+00  -5.4240755e-02
   4.4025505e-01   7.7507988e-01
  -4.4117065e-01   8.2914584e-01
  -9.8351283e-01  -9.0058712e-02
  -3.5613083e-01  -8.9968316e-01
   5.9550687e-01  -7.9701973e-01
   1.1292255e+00   1.0631147e-01
   4.0999325e-01   1.0209564e+00
  -7.2332384e-01   8.6869250e-01
  -1.4598895e+00   3.5325050e-02
  -9.0931341e-01  -1.3412637e+00
   7.4087820e-01  -1.5581746e+00
   1.5849768e+00  -3.2540114e-01
   1.3882753e+00   1.2007046e+00
  -2.9867028e-01   2.0984309e+00
  -1.9499432e+00   8.6724142e-01
  -1.9345320e+00  -1.1692073e+00
  -1.7468405e-01  -2.3319200e+00
   1.8818561e+00  -1.3311341e+00
   2.3624394e+00   8.3160756e-01
   8.2318131e-01   2.4749544e+00
  -1.6556259e+00   2.1531651e+00
  -2.5234151e+00  -1.2452005e-01
  -1.2713994e+00  -2.1861593e+00
   1.0757623e+00  -2.3649935e+00
   2.5015580e+00  -4.5736897e-01
   1.7056532e+00   1.8340362e+00
  -4.7089839e-01   2.5497111e+00
  -2.3460005e+00   7.5339238e-01
  -2.0385605e+00  -1.5397483e+00
   1.5660974e-02  -2.4933709e+00
   1.9518678e+00  -1.2651424e+00
   2.1181038e+00   8.7673746e-01
   3.5944822e-01   2.2040579e+00
  -1.3381146e+00   1.3381245e+00
  -1.9654308e+00  -3.7228105e-01
  -7.4426108e-01  -1.8117978e+00
   9.7262895e-01  -1.5377397e+00
   1.5820988e+00  -7.5336037e-02
   8.8619989e-01   1.2698516e+00
  -3.1552897e-01   1.2672369e+00
  -1.1332564e+00   2.7633847e-01
  -7.5601173e-01  -6.3906782e-01
  -2.6337798e-02  -1.1421388e+00
   7.1855339e-01  -7.9431713e-01
   8.6039497e-01   1.2000786e-01
   4.5864213e-01   6.6935362e-01
  -1.9112974e-01   8.1301245e-01
  -8.3518900e-01   2.9146386e-01
  -8.8993101e-01  -4.2883164e-01
  -2.3793111e-01  -1.0710963e+00
   7.3492113e-01  -7.9807504e-01
   1.1659033e+00   1.3610131e-01
   5.3450573e-01   1.1299444e+00
  -6.8994029e-01   1.0418916e+00
  -1.4411750e+00  -5.0071482e-02
  -7.0831518e-01  -1.1928221e+00
   8.1545322e-01  -1.2989054e+00
   1.6259700e+00  -6.1127078e-02
   8.7502420e-01   1.4133894e+00
  -9.3144704e-01   1.5712422e+00
  -1.7132291e+00   1.5985924e-02
  -9.6468618e-01  -1.5192733e+00
   8.6188644e-01  -1.5046494e+00
   1.6101763e+00   1.5121317e-01
   6.9340543e-01   1.6585345e+00
  -1.0710685e+00   1.4440097e+00
  -1.7285185e+00  -3.0996483e-01
  -3.9162010e-01  -1.4924041e+00
   1.2134996e+00  -1.0162073e+00
   1.4367919e+00   6.5149243e-01
   3.8321895e-02   1.4901045e+00
  -1.2554090e+00   6.4656854e-01
  -8.9109037e-01  -9.5886247e-01
   3.7664722e-01  -1.0912518e+00
   1.1058122e+00   1.4727976e-02
   4.1963432e-01   9.6666822e-01
  -6.3335001e-01   7.0083805e-01
  -7.8459713e-01  -4.2899819e-01
   3.6587980e-02  -9.8431144e-01
   9.6515425e-01  -6.3904414e-02
   2.2514733e-01   9.5071463e-01
  -7.0732126e-01   6.6074691e-01
  -7.3168915e-01  -6.6683161e-01
   3.7780366e-01  -8.7434158e-01
   1.0868853e+00   2.0565759e-02
   3.5547744e-01   1.1979163e+00
  -1.0865314e+00   8.2100232e-01
  -1.2222743e+00  -9.3274134e-01
   4.0345849e-01  -1.5289404e+00
   1.7716446e+00  -1.3864792e-01
   7.5031504e-01   1.6051165e+00
  -1.2119488e+00   1.4534362e+00
  -1.8090016e+00  -7.4322843e-01
  -6.3348439e-02  -2.1974395e+00
   1.9818635e+00  -8.2305466e-01
   1.5531255e+00   1.6141017e+00
  -8.6925967e-01   2.2050506e+00
  -2.3617254e+00  -7.9287202e-02
  -9.2323318e-01  -2.4062330e+00
   1.9658095e+00  -1.7060576e+00
   2.3386685e+00   1.2357877e+00
  -2.7169572e-01   2.6931659e+00
  -2.4752579e+00   7.9722672e-01
  -1.7052749e+00  -2.0452808e+00
   1.3421098e+00  -2.1607403e+00
   2.3762918e+00   3.6652125e-01
   4.3971627e-01   2.4955098e+00
  -1.9403559e+00   1.4119819e+00
  -1.8600594e+00  -1.3584603e+00
   5.1929479e-01  -2.0786777e+00
   2.1340536e+00  -7.2470442e-02
   9.4882159e-01   1.9689601e+00
  -1.1956959e+00   1.4267619e+00
  -1.7353104e+00  -8.6294398e-01
  -3.7778215e-02  -1.6928824e+00
   1.5722183e+00  -5.7488856e-01
   9.4486031e-01   1.1832812e+00
  -5.1895227e-01   1.4244371e+00
  -1.3338519e+00  -4.3205594e-03
  -4.0687725e-01  -1.0782436e+00
   7.1923488e-01  -7.9090675e-01
   9.8787230e-01   3.5664146e-01
   1.3995893e-01   1.0832312e+00
  -8.4789763e-01   4.7290155e-01
  -6.6089658e-01  -3.7758911e-01
  -3.7311080e-02  -8.2057465e-01
   7.4315766e-01  -4.5567867e-01
   6.6213999e-01   6.1222195e-01
  -1.2406172e-01   1.0480016e+00
  -1.0113498e+00   3.0235488e-01
  -7.9517968e-01  -9.9982408e-01
   7.6058714e-01  -1.0678752e+00
   1.2656369e+00   3.9458537e-01
   4.8950577e-02   1.4866191e+00
  -1.2915612e+00   5.4008182e-01
  -9.9611853e-01  -1.2734615e+00
   8.4851949e-01  -1.2245713e+00
   1.5639033e+00   4.9076050e-01
   7.1689054e-02   1.8606408e+00
  -1.6890214e+00   4.5512923e-01
  -8.7411741e-01  -1.5467567e+00
   1.3076411e+00  -1.3391601e+00
   1.6780106e+00   8.2436836e-01
  -5.6198489e-01   1.7081721e+00
  -1.7434864e+00  -1.9610284e-02
  -4.2430240e-01  -1.7349957e+00
   1.5651487e+00  -8.0427099e-01
   1.2377277e+00   1.1953437e+00
  -8.7101907e-01   1.3761060e+00
  -1.4415519e+00  -6.3830853e-01
   4.4229991e-01  -1.3164069e+00
   1.3852012e+00   1.0422444e-02
   1.6434464e-01   1.3700062e+00
  -1.1115204e+00   3.5177135e-01
  -4.6692132e-01  -9.1196805e-01
   9.3547498e-01  -5.5425021e-01
   6.2501478e-01   7.1561020e-01
  -6.4248471e-01   5.9764775e-01
  -6.7282660e-01  -5.9579232e-01
   6.7637759e-01  -6.9502128e-01
   7.1969146e-01   6.3561843e-01
  -6.0481090e-01   7.8403728e-01
  -8.8513307e-01  -6.4690831e-01
   6.3915475e-01  -9.8374547e-01
   1.2013256e+00   4.7173142e-01
  -4.6253925e-01   1.3178012e+00
  -1.5206315e+00  -3.5295978e-01
   4.9033197e-02  -1.7251480e+00
   1.7380569e+00  -8.6610514e-02
   3.9964670e-01   1.8121012e+00
  -1.6882074e+00   7.9450450e-01
  -1.0397872e+00  -1.7981995e+00
   1.7759701e+00  -1.4145990e+00
   1.6746292e+00   1.3855776e+00
  -1.3070707e+00   1.8799333e+00
  -2.2211474e+00  -7.7432872e-01
   6.3786883e-01  -2.3018201e+00
   2.3837623e+00   2.0968516e-01
   1.8589330e-01   2.5465298e+00
  -2.5132531e+00   5.2396625e-01
  -8.9548540e-01  -2.4219213e+00
   2.3230504e+00  -1.1899621e+00
   1.6081624e+00   1.9781515e+00
  -1.8423277e+00   1.9549844e+00
  -2.0877087e+00  -1.3957769e+00
   1.2118464e+00  -2.2822753e+00
   2.2092470e+00   8.3614520e-01
  -4.3021098e-01   2.3907741e+00
  -2.2747046e+00  -5.6412774e-02
  -5.1008089e-01  -2.2255978e+00
   2.1177123e+00  -5.6711314e-01
   8.5822010e-01   1.9263067e+00
  -1.6335341e+00   1.0108674e+00
  -1.1756341e+00  -1.3259426e+00
   1.2084912e+00  -1.3476134e+00
   1.3313788e+00   8.1773684e-01
  -6.5351865e-01   1.3338508e+00
  -1.2404659e+00  -3.1222781e-01
  -4.9454953e-04  -1.1703806e+00
   1.2008642e+00  -2.5725354e-01
   3.6159408e-01   1.0364086e+00
  -7.2598947e-01   5.4484500e-01
  -7.1505958e-01  -6.8326012e-01
   2.6724867e-01  -9.2960045e-01
   9.0309139e-01   1.7351359e-01
   9.6086140e-02   8.9770260e-01
  -9.1906894e-01   1.8213424e-01
  -4.6015922e-01  -1.0126502e+00
   8.8166802e-01  -6.7974823e-01
   7.9163004e-01   6.3373766e-01
  -7.3975033e-01   1.1470151e+00
  -1.2793329e+00  -6.3805151e-01
   6.2386282e-01  -1.3106453e+00
   1.4469364e+00   3.6726859e-01
  -4.0624605e-01   1.6461270e+00
  -1.6857753e+00  -1.5546928e-01
   1.8247991e-01  -1.6939573e+00
   1.7262594e+00  -4.4732508e-02
   9.5173441e-02   1.8034778e+00
  -1.8051427e+00   1.2997854e-01
  -2.5441585e-01  -1.8512624e+00
   1.7596892e+00  -3.2142635e-01
   3.2891641e-01   1.6903607e+00
  -1.6137165e+00   3.5057886e-01
  -3.7119741e-01  -1.7659082e+00
   1.6655206e+00  -4.6792603e-01
   4.9003513e-01   1.5820249e+00
  -1.4483729e+00   4.3936108e-01
  -3.4936487e-01  -1.4128103e+00
   1.4467788e+00  -2.9658033e-01
   1.6176931e-01   1.2763736e+00
  -1.1749728e+00   2.2191465e-01
  -2.3845937e-02  -1.2627357e+00
   1.0770305e+00   3.3810910e-02
  -2.4351461e-01   9.0307966e-01
  -8.6659213e-01  -3.4571002e-01
   3.1920956e-01  -6.4780008e-01
   7.3243043e-01   4.5500937e-01
  -6.3843501e-01   6.6968487e-01
  -4.4510464e-01  -7.0518171e-01
   9.3407172e-01  -3.7142398e-01
   2.3300981e-01   1.0949581e+00
  -1.2064465e+00   1.5536797e-01
  -4.0073592e-03  -1.3856507e+00
   1.4508726e+00   1.6219900e-01
  -2.8592454e-01   1.4717634e+00
  -1.5055748e+00  -5.9513874e-01
   6.5896224e-01  -1.6612019e+00
   1.6952850e+00   8.5488663e-01
  -1.0364155e+00   1.7248013e+00
  -1.7003293e+00  -1.2224729e+00
   1.3656074e+00  -1.7052883e+00
   1.6304132e+00   1.4873272e+00
  -1.8255656e+00   1.5875939e+00
  -1.5027901e+00  -1.9465573e+00
   2.0235464e+00  -1.4728316e+00
   1.3300302e+00   2.1839942e+00
  -2.3111673e+00   1.0964041e+00
  -9.7047882e-01  -2.3898197e+00
   2.3735932e+00  -9.0761231e-01
   6.2012655e-01   2.6307850e+00
  -2.5085062e+00   3.6426692e-01
  -1.6780826e-01  -2.6315718e+00
   2.5250764e+00  -6.1385492e-02
  -1.8033584e-01   2.4912781e+00
  -2.4182244e+00  -3.0856538e-01
   5.5212635e-01  -2.3002619e+00
   2.3375813e+00   6.8886391e-01
  -7.3851639e-01   2.0787022e+00
  -1.8992855e+00  -1.0134156e+00
   1.0883025e+00  -1.7321660e+00
   1.6233321e+00   1.1488757e+00
  -1.2650692e+00   1.2687932e+00
  -1.1206536e+00  -1.1317239e+00
   1.1047716e+00  -1.1038616e+00
   1.0150651e+00   1.0461497e+00
  -1.0508364e+00   8.4579511e-01
  -6.3439656e-01  -9.6878148e-01
   8.9215629e-01  -6.4365839e-01
   6.3258638e-01   7.2258939e-01
  -7.0983334e-01   5.8593589e-01
  -5.2496537e-01  -7.6403092e-01
   7.3340579e-01  -5.7791837e-01
   5.5335507e-01   7.4274046e-01
  -6.9326789e-01   7.0266428e-01
  -6.7578057e-01  -7.7768699e-01
   7.6203476e-01  -6.5984213e-01
   5.6725150e-01   9.0025318e-01
  -1.0685619e+00   7.4929790e-01
  -5.1917197e-01  -1.2839337e+00
   1.1941915e+00  -4.5202488e-01
   3.0007794e-01   1.3361121e+00
  -1.6211494e+00   1.0916080e-01
   4.4955612e-02  -1.6407870e+00
   1.7097142e+00   3.2027866e-01
  -6.0826454e-01   1.4778860e+00
  -1.5170710e+00  -8.3659094e-01
   1.1722279e+00  -1.2565417e+00
   1.1806489e+00   1.3965056e+00
  -1.5451677e+00   8.3956335e-01
  -4.5564942e-01  -1.7260185e+00
   1.7808256e+00  -2.0495184e-01
  -8.7248336e-02   1.7156581e+00
  -1.6155195e+00  -5.2083342e-01
   6.5643518e-01  -1.4675078e+00
   1.0968107e+00   1.1167283e+00
  -1.3088190e+00   7.5266025e-01
  -4.5746045e-01  -1.4129447e+00
   1.4237830e+00  -7.3128014e-02
  -1.8243512e-01   1.3361100e+00
  -1.2615721e+00  -4.9086545e-01
   8.1766538e-01  -7.9068724e-01
   5.3120434e-01   9.9152105e-01
  -9.6212719e-01   9.0388296e-02
   2.4346370e-01  -8.9307057e-01
   7.5247797e-01   5.5752059e-01
  -8.3547226e-01   3.9625759e-01
  -1.0381535e-01  -9.9333283e-01
   9.7619488e-01   1.7774131e-01
  -5.9921807e-01   7.8865709e-01
  -7.6341006e-01  -8.8075426e-01
   1.1220541e+00  -2.2588611e-01
  -1.5498954e-01   1.2838687e+00
  -1.2954307e+00  -6.5542413e-01
   1.0171927e+00  -1.1920792e+00
   8.0508895e-01   1.4207246e+00
  -1.7792366e+00   3.8175899e-01
   2.3567580e-01  -1.7764922e+00
   1.8422058e+00   8.1479440e-01
  -1.4798975e+00   1.5977865e+00
  -1.1780129e+00  -1.7886253e+00
   2.2357035e+00  -5.8883226e-01
   1.8732638e-02   2.4650156e+00
  -2.3110011e+00  -7.1025220e-01
   1.4688836e+00  -1.9679170e+00
   1.5619200e+00   1.9418629e+00
  -2.3783461e+00   1.0359422e+00
  -9.2796772e-02  -2.5995949e+00
   2.5382849e+00   4.6746061e-01
  -1.2953890e+00   2.2059793e+00
  -1.7638160e+00  -1.9955883e+00
   2.2777951e+00  -1.1095220e+00
   3.7723378e-01   2.4310983e+00
  -2.4987617e+00  -4.0676534e-01
   1.1287667e+00  -2.2386166e+00
   1.6639907e+00   1.6286890e+00
  -2.0727627e+00   1.0728036e+00
  -3.7980871e-01  -2.0355283e+00
   2.1314856e+00   2.8523989e-01
  -7.5081848e-01   1.7037057e+00
  -1.4566681e+00  -1.3472085e+00
   1.4543663e+00  -9.4529446e-01
   4.4026964e-01   1.6566106e+00
  -1.5022011e+00   8.5948190e-02
   5.0534781e-01  -1.3221235e+00
   1.1297133e+00   6.7876852e-01
  -9.7752405e-01   7.9163995e-01
  -5.3047441e-01  -1.0654984e+00
   1.0230564e+00  -3.1351959e-01
   4.2581521e-02   1.0251426e+00
  -8.8311896e-01  -1.1551254e-01
   2.4354631e-01  -8.8784605e-01
   8.0948886e-01   3.9066107e-01
  -6.7873733e-01   7.4262890e-01
  -6.5792233e-01  -8.5121064e-01
   1.0153621e+00  -4.5403354e-01
   4.4540249e-02   1.0939193e+00
  -1.1845690e+00  -3.3789775e-01
   7.1445499e-01  -9.8498292e-01
   9.7928153e-01   1.0368173e+00
  -1.5029000e+00   5.3912129e-01
  -3.4260126e-02  -1.5378599e+00
   1.5828469e+00   5.9368002e-01
  -1.2266611e+00   1.0983985e+00
  -6.6256599e-01  -1.4844253e+00
   1.7277369e+00  -3.4017663e-02
  -7.4428628e-01   1.7739468e+00
  -1.3329084e+00  -1.4009805e+00
   1.6591257e+00  -6.9306098e-01
   7.4956823e-04   1.6703975e+00
  -1.7685461e+00  -7.5342059e-01
   1.4091599e+00  -1.0557600e+00
   3.7603157e-01   1.7757495e+00
  -1.6360019e+00  -3.3697026e-01
   9.8137138e-01  -1.2869975e+00
   5.9434657e-01   1.3731301e+00
  -1.4111809e+00  -2.7229571e-02
   5.2051527e-01  -1.2720687e+00
   6.7869559e-01   1.1365903e+00
  -1.1462107e+00  -3.9614964e-03
   5.8586778e-01  -9.8935712e-01
   5.6230393e-01   9.2214093e-01
  -9.4726645e-01  -8.4407199e-02
   6.1580961e-01  -7.3966049e-01
   2.9909634e-01   7.7311269e-01
  -9.5233924e-01  -2.7335568e-01
   7.8833944e-01  -4.8368241e-01
   7.0656759e-02   1.1028673e+00
  -7.5167864e-01  -5.7230764e-01
   1.1088629e+00  -3.5917580e-01
  -2.5275446e-01   1.1964962e+00
  -1.0071611e+00  -9.5816819e-01
   1.4824095e+00  -3.6851251e-01
  -3.3241025e-01   1.4973545e+00
  -1.1119956e+00  -1.1804515e+00
   1.7622234e+00  -5.0574668e-01
  -5.4015585e-01   1.8233849e+00
  -1.3984925e+00  -1.4960123e+00
   2.2110134e+00  -6.4807232e-01
  -6.7809241e-01   2.1968171e+00
  -1.6801474e+00  -1.6361033e+00
   2.3410195e+00  -4.5648502e-01
  -5.8458230e-01   2.2895624e+00
  -1.9030575e+00  -1.7829016e+00
   2.4204620e+00  -7.2254312e-01
  -6.4529970e-01   2.5032723e+00
  -1.9227728e+00  -1.8248463e+00
   2.4849732e+00  -7.4425959e-01
  -5.8507953e-01   2.4376068e+00
  -1.7461589e+00  -1.7967372e+00
   2.5081012e+00  -7.0333845e-01
  -6.7294952e-01   2.5241498e+00
  -1.7823619e+00  -1.8250144e+00
   2.3336406e+00  -6.0503060e-01
  -5.0910642e-01   2.1950634e+00
  -1.4533231e+00  -1.5612279e+00
   2.1471281e+00  -5.4132536e-01
  -5.2643454e-01   1.8675816e+00
  -1.4777712e+00  -1.5428605e+00
   1.7868062e+00  -4.5425038e-01
  -4.4214259e-01   1.6523784e+00
  -1.0089476e+00  -1.0486807e+00
   1.2155074e+00  -3.4966677e-01
  -2.6285020e-01   1.2893597e+00
  -8.9213963e-01  -8.3385918e-01
   1.0293492e+00  -3.9925078e-01
  -2.3594773e-01   9.9469755e-01
  -8.5824432e-01  -6.7515927e-01
   7.0025603e-01  -5.4739215e-01
   2.9595852e-01   8.3452593e-01
  -9.4097771e-01  -1.1208267e-01
   5.2064506e-01  -6.8516362e-01
   4.6912397e-01   8.6960541e-01
  -1.1265037e+00  -3.4435764e-02
   6.0766163e-01  -9.5020066e-01
   6.0331699e-01   1.0791045e+00
  -1.3427229e+00  -1.3875759e-02
   8.1840198e-01  -1.2325210e+00
   7.3750920e-01   1.2619406e+00
  -1.5515383e+00  -7.7587720e-02
   1.1089300e+00  -1.1402699e+00
   5.4860618e-01   1.5144146e+00
  -1.5772649e+00  -5.4955275e-01
   1.4783239e+00  -1.1091284e+00
   6.2878700e-02   1.7174312e+00
  -1.5941577e+00  -8.5336762e-01
   1.5672888e+00  -6.2542268e-01
  -4.1013961e-01   1.8375367e+00
  -9.8915334e-01  -1.4218168e+00
   1.7282506e+00   2.8798133e-02
  -1.0622695e+00   1.3618377e+00
  -5.1520102e-01  -1.5494128e+00
   1.5013552e+00   7.0873089e-01
  -1.4270619e+00   7.2651408e-01
   1.8567358e-01  -1.5087683e+00
   9.3632408e-01   1.1171624e+00
  -1.2547947e+00  -3.0769134e-02
   8.7899615e-01  -8.0468866e-01
  -9.8254314e-02   1.0956563e+00
  -9.0264780e-01  -6.2769702e-01
   1.1081364e+00  -4.8681329e-02
  -5.9638450e-01   6.6790701e-01
   8.9784881e-02  -8.8895545e-01
   5.6180385e-01   6.2716212e-01
  -9.8801509e-01  -1.6972879e-01
   7.3358924e-01  -5.3017552e-01
  -1.9352019e-01   8.6100803e-01
  -5.7213620e-01  -9.5572250e-01
   1.1623107e+00   4.5800825e-01
  -1.1608318e+00   5.5786739e-01
   4.3029404e-01  -1.3307596e+00
   7.1232086e-01   1.3319069e+00
  -1.3984189e+00  -3.6328742e-01
   1.5260097e+00  -8.9120496e-01
  -4.0410010e-01   1.7940968e+00
  -1.1692824e+00  -1.5321542e+00
   2.0330766e+00   1.7987015e-01
  -1.7620169e+00   1.3366654e+00
   1.7897136e-01  -2.2137477e+00
   1.6815316e+00   1.6240668e+00
  -2.3024717e+00   9.2187433e-02
   1.6110772e+00  -1.8529290e+00
   2.6206786e-01   2.4729813e+00
  -2.0395365e+00  -1.4857955e+00
   2.6039779e+00  -5.2849624e-01
  -1.3069514e+00   2.2378168e+00
  -8.0400414e-01  -2.5344682e+00
   2.3752251e+00   1.0689014e+00
  -2.2975844e+00   8.3683061e-01
   9.7182003e-01  -2.3526564e+00
   1.0221050e+00   2.2820663e+00
  -2.4245924e+00  -7.8696847e-01
   2.0786061e+00  -1.0651085e+00
  -6.0036953e-01   2.1197191e+00
  -1.3157819e+00  -1.7359911e+00
   2.0395480e+00   3.5004782e-01
  -1.6335999e+00   1.1848856e+00
   1.9589767e-01  -1.7372059e+00
   1.0350499e+00   1.3120761e+00
  -1.5190507e+00   8.4916243e-02
   1.1320549e+00  -1.0078579e+00
   1.5247224e-01   1.5627180e+00
  -1.1815748e+00  -8.2886708e-01
   1.2124818e+00  -1.9870393e-01
  -5.7013035e-01   9.3241468e-01
  -2.9752997e-01  -9.6432272e-01
   9.2351027e-01   2.4675705e-01
  -7.9729036e-01   7.2980799e-01
   7.7662920e-02  -8.3132520e-01
   9.2533718e-01   6.0116577e-01
  -8.9971581e-01   3.0511581e-01
   2.4445907e-01  -7.8995869e-01
   4.9883650e-01   7.3397878e-01
  -1.1859962e+00  -3.1054466e-01
   9.2865744e-01  -6.7347279e-01
  -8.9598055e-02   1.1678906e+00
  -8.6400990e-01  -1.2445304e+00
   1.4174178e+00   3.1534957e-01
  -1.2636976e+00   9.0336103e-01
   1.3929137e-01  -1.4872842e+00
   8.6523544e-01   1.3549262e+00
  -1.6570806e+00  -5.9019284e-01
   1.5625579e+00  -8.1256836e-01
  -7.5664824e-01   1.4282709e+00
  -5.9555687e-01  -1.6862424e+00
   1.4745276e+00   8.8733378e-01
  -1.6660313e+00   3.2995810e-01
   1.0540514e+00  -1.4616093e+00
  -4.4396982e-03   1.7882610e+00
  -1.1745914e+00  -1.3135665e+00
   1.6756226e+00   2.5177910e-01
  -1.5484800e+00   7.8927597e-01
   5.8061624e-01  -1.3914758e+00
   3.9683171e-01   1.4632994e+00
  -9.9530932e-01  -9.6765803e-01
   1.1854229e+00  -1.4610965e-02
  -1.0309612e+00   6.6546244e-01
   6.4805895e-01  -1.0439139e+00
   8.8574267e-02   1.0655005e+00
  -5.7571297e-01  -7.4397209e-01
   9.3758770e-01   4.0134520e-01
  -8.7547818e-01  -2.3404179e-02
   7.5669900e-01  -6.0063632e-01
  -2.9981403e-01   8.9020079e-01
  -9.2690377e-02  -1.0105334e+00
   5.5482336e-01   9.0633374e-01
  -9.0902327e-01  -4.0210536e-01
   1.0759826e+00  -1.5830019e-01
  -1.0781681e+00   7.6728793e-01
   4.2044387e-01  -1.4082915e+00
   3.0213406e-01   1.4820261e+00
  -1.2838103e+00  -1.1229730e+00
   1.8435164e+00   3.3664691e-01
  -1.7021888e+00   6.8414537e-01
   9.6766084e-01  -1.6774496e+00
   1.9027603e-01   2.0198180e+00
  -1.3428558e+00  -1.7223895e+00
   2.2123972e+00   6.6216333e-01
  -2.2352696e+00   7.4939908e-01
   1.6773366e+00  -1.9471480e+00
  -9.7781404e-02   2.4250274e+00
  -1.3281226e+00  -2.1010415e+00
   2.3059694e+00   1.1028113e+00
  -2.5453458e+00   3.7857009e-01
   1.8813620e+00  -1.9366219e+00
  -5.6296685e-01   2.5077408e+00
  -9.8980570e-01  -2.4292836e+00
   2.1791259e+00   1.3525866e+00
  -2.4437383e+00  -3.7760279e-04
   2.0562050e+00  -1.3073980e+00
  -8.7647505e-01   2.3320671e+00
  -6.1749849e-01  -2.2416595e+00
   1.6007046e+00   1.5109563e+00
  -2.1002671e+00  -3.6173539e-01
   1.8565535e+00  -9.3018886e-01
  -9.1646156e-01   1.7242256e+00
  -9.3447930e-02  -1.9324282e+00
   1.0730967e+00   1.2931169e+00
  -1.5675400e+00  -5.8409510e-01
   1.6665362e+00  -5.3325582e-01
  -8.7657323e-01   1.1806145e+00
  -1.5581136e-02  -1.4664636e+00
   6.2828717e-01   9.9030533e-01
  -9.0602141e-01  -2.5097249e-01
   7.6182689e-01  -3.8733330e-01
  -4.4607512e-01   7.6037950e-01
  -1.2363737e-01  -9.1904574e-01
   8.3778342e-01   6.3293532e-01
  -8.6065652e-01   7.4200257e-02
   6.8268984e-01  -5.6106226e-01
  -1.9090010e-01   8.9407946e-01
  -4.7178831e-01  -9.6892556e-01
   9.4901087e-01   5.5186990e-01
  -1.1698959e+00   2.0298874e-01
   9.2465310e-01  -8.0959182e-01
  -5.7557938e-01   1.4185158e+00
  -3.5560476e-01  -1.3728457e+00
   1.0592339e+00   1.0695466e+00
  -1.6640767e+00  -4.7172239e-01
   1.6434705e+00  -3.5868178e-01
  -1.2280849e+00   1.2574909e+00
   4.9626662e-01  -1.4934535e+00
   4.8523567e-01   1.7981852e+00
  -1.1183154e+00  -1.3474940e+00
   1.6990927e+00   6.3912463e-01
  -1.8309571e+00   3.2406151e-02
   1.4964682e+00  -9.8619035e-01
  -8.3385799e-01   1.5263284e+00
   2.2308183e-01  -1.6588004e+00
   5.4779253e-01   1.4579855e+00
  -1.2792966e+00  -1.0589470e+00
   1.4613898e+00   4.8387388e-01
  -1.4209786e+00   1.7572668e-01
   1.2504003e+00  -7.1631030e-01
  -8.7019884e-01   9.9956892e-01
   3.0397333e-01  -1.0894481e+00
   1.8994295e-01   1.1710601e+00
  -5.0349124e-01  -9.6791929e-01
   7.0038343e-01   6.7131390e-01
  -8.0381048e-01  -5.3375930e-01
   8.7103645e-01   1.7880553e-01
  -8.8478146e-01   1.7460757e-02
   8.9234324e-01  -2.4933382e-01
  -7.5079979e-01   5.8541907e-01
   5.7605724e-01  -8.9857562e-01
  -3.9056302e-01   9.9324430e-01
   6.9041642e-02  -1.2705267e+00
   2.6815619e-01   1.3391599e+00
  -9.6106305e-01  -1.1856730e+00
   1.3320669e+00   7.0113111e-01
  -1.6378205e+00  -4.0205080e-01
   1.8667859e+00  -3.2782782e-01
  -1.6644595e+00   9.1842770e-01
   1.1329106e+00  -1.6148349e+00
  -4.9941408e-01   2.0434021e+00
  -2.8674461e-01  -2.0606639e+00
   1.2698991e+00   2.0020642e+00
  -1.8193003e+00  -1.5019312e+00
   2.2507909e+00   8.7410025e-01
  -2.4941302e+00   1.4512522e-02
   2.1987274e+00  -1.1159113e+00
  -1.8484411e+00   1.9092193e+00
   9.1266660e-01  -2.3762848e+00
  -8.5272847e-02   2.5543739e+00
  -9.9467991e-01  -2.3913025e+00
   1.7465645e+00   1.9047109e+00
  -2.2836414e+00  -1.0733227e+00
   2.4589478e+00   2.6803454e-01
  -2.2975830e+00   7.4596594e-01
   1.9643728e+00  -1.5126809e+00
  -1.3039776e+00   1.9615754e+00
   4.0906835e-01  -2.2451705e+00
   4.2458302e-01   2.1529277e+00
  -1.0878188e+00  -1.7827180e+00
   1.5999000e+00   1.1023896e+00
  -1.6526127e+00  -3.7060722e-01
   1.7891902e+00  -1.0395156e-01
  -1.3480757e+00   6.6138533e-01
   9.1482570e-01  -1.0695585e+00
  -3.5434350e-01   1.3583413e+00
  -1.2133050e-01  -1.2560184e+00
   5.1702542e-01   1.0352097e+00
  -9.4384218e-01  -6.0009317e-01
   9.6444426e-01   3.2751787e-01
  -7.2377648e-01   3.4085600e-01
   7.1024216e-01  -6.0357770e-01
  -3.0128709e-01   9.4295333e-01
  -2.5798400e-01  -8.3263963e-01
   4.8498602e-01   8.1001434e-01
  -8.8005586e-01  -4.4583647e-01
   1.2051077e+00   2.1809156e-01
  -1.1251881e+00   4.1717665e-01
   1.0195525e+00  -7.2598413e-01
  -8.1650618e-01   1.1249003e+00
   2.9627616e-01  -1.3965347e+00
   1.5916825e-01   1.4483626e+00
  -5.8305500e-01  -1.4232317e+00
   9.3657813e-01   1.1446034e+00
  -1.3471770e+00  -6.9965198e-01
   1.6827859e+00   3.7965703e-01
  -1.7489537e+00  -2.3315843e-02
   1.7688872e+00  -5.2441440e-01
  -1.5148044e+00   9.4946555e-01
   1.2682716e+00  -1.2657327e+00
  -8.0823742e-01   1.6381802e+00
   4.0998482e-01  -1.6497759e+00
   1.0753372e-01   1.8022926e+00
  -3.6858995e-01  -1.5822001e+00
   7.3101160e-01   1.3374360e+00
  -1.0639551e+00  -1.1895861e+00
   1.2685193e+00   8.6000499e-01
  -1.3397418e+00  -6.2828926e-01
   1.3262198e+00   3.2968514e-01
  -1.2875983e+00  -3.1357157e-03
   1.2278721e+00  -1.9385392e-01
  -1.0226028e+00   2.0085184e-01
   1.0852294e+00  -2.7811203e-01
  -1.0006729e+00   3.8955981e-01
   7.8889987e-01  -5.2041275e-01
  -7.9680595e-01   4.4118581e-01
   7.6060202e-01  -4.1572542e-01
  -8.0727382e-01   4.1053688e-01
   7.8107284e-01  -5.7131197e-01
  -7.3141973e-01   7.5650082e-01
   7.2410993e-01  -9.2998917e-01
  -7.6276392e-01   1.0874372e+00
   6.7463645e-01  -1.2699509e+00
  -4.5506409e-01   1.3142281e+00
   3.5476974e-01  -1.4296157e+00
  -1.7850563e-01   1.7454946e+00
   3.3360755e-02  -1.7998985e+00
   3.0072129e-01   1.9284032e+00
  -6.3340567e-01  -1.9210656e+00
   9.3831900e-01   1.8207262e+00
  -1.3917804e+00  -1.6520630e+00
   1.6531365e+00   1.7038096e+00
  -1.9047763e+00  -1.3849946e+00
   2.0937113e+00   1.0976191e+00
  -2.3471853e+00  -7.3433201e-01
   2.5095634e+00   3.3287153e-01
  -2.5997320e+00  -2.7502494e-02
   2.5967388e+00  -2.9247249e-01
  -2.6035804e+00   6.4320813e-01
   2.3785229e+00  -1.0774534e+00
  -2.0770591e+00   1.3891452e+00
   1.8596787e+00  -1.6992060e+00
  -1.6501210e+00   1.9743875e+00
   1.2559003e+00  -2.1173151e+00
  -9.2692120e-01   2.0962441e+00
   5.9627259e-01  -2.1599090e+00
  -2.6255329e-01   2.2798980e+00
  -5.0677077e-02  -2.1066659e+00
   3.1843551e-01   1.9726561e+00
  -7.5786921e-01  -1.9124547e+00
   7.9229437e-01   1.6020962e+00
  -9.6378827e-01  -1.3794099e+00
   9.8126719e-01   1.0991057e+00
  -1.1814005e+00  -8.0684669e-01
   1.2207349e+00   6.1451682e-01
  -1.2250292e+00  -3.5166347e-01
   1.0080466e+00   7.9323685e-02
  -9.8861375e-01   2.1420018e-01
   1.0478449e+00  -4.0750536e-01
  -6.3022962e-01   5.4727077e-01
   4.8395362e-01  -7.1567850e-01
  -3.9725680e-01   8.0255141e-01
   7.0125870e-02  -1.1020485e+00
   2.6820708e-02   9.6566098e-01
  -1.6895690e-01  -9.4845984e-01
   4.9214165e-01   1.0844104e+00
  -6.0062109e-01  -8.9780684e-01
   8.9522547e-01   8.6145896e-01
  -1.0440599e+00  -7.8959705e-01
   1.1725187e+00   8.5645993e-01
  -1.3525490e+00  -7.6070733e-01
   1.4172448e+00   6.0443987e-01
  -1.6107647e+00  -6.4273178e-01
   1.7393250e+00   5.4970549e-01
  -1.6233040e+00  -3.9707738e-01
   1.7150260e+00   2.9079739e-01
  -1.9449933e+00  -2.3435735e-01
   1.8040186e+00   1.2644808e-01
  -1.7218147e+00   1.1985561e-02
   1.7236648e+00   4.2306400e-02
  -1.6565944e+00   6.9028870e-02
   1.8651920e+00   2.4811978e-02
  -1.6365499e+00   1.1964396e-01
   1.7357117e+00   2.6272306e-02
  -1.5829669e+00   3.7037135e-02
   1.5354163e+00   3.1589807e-02
  -1.3119202e+00  -9.2057470e-02
   1.3466803e+00   1.3474937e-01
  -1.3805330e+00  -1.7133424e-01
   1.1127563e+00   2.7225168e-01
  -1.1482543e+00  -2.9288776e-01
   9.1777332e-01   2.8878180e-01
  -8.4642632e-01  -5.6730930e-01
   7.6016756e-01   6.7444477e-01
