   1.0416973e+00  -6.2972470e-02
   1.0347574e+00   1.4331408e-01
   9.7775906e-01   3.5802914e-02
   1.1601591e+00   1.4713341e-01
   9.4883119e-01   7.9612202e-02
   9.4046404e-01  -3.9510854e-02
   9.8529905e-01  -8.7165488e-02
   9.0231142e-01   5.4878479e-02
   8.9994640e-01   1.5099151e-01
   1.0132863e+00   2.1505096e-01
   1.0536674e+00   1.5569480e-01
   9.7043242e-01   7.4109675e-02
   1.0145192e+00   2.4922004e-01
   8.8325470e-01   2.5114915e-01
   9.7298294e-01   2.3902766e-01
   9.2495081e-01   3.1196249e-01
   9.0767685e-01   3.2091567e-01
   9.2461096e-01   3.7938363e-01
   9.0831165e-01   4.8699182e-01
   7.7409099e-01   3.8700378e-01
   9.8899744e-01   6.0017425e-01
   8.1580802e-01   5.1890401e-01
   8.4543568e-01   7.4953161e-01
   8.1840764e-01   6.0774811e-01
   5.7798252e-01   6.8848827e-01
   6.8187668e-01   7.0103961e-01
   4.9344968e-01   8.0607696e-01
   5.0812969e-01   9.4638146e-01
   3.2322625e-01   7.9002821e-01
   3.8520012e-01   9.4885626e-01
   1.9641777e-01   9.5766883e-01
   1.4158506e-01   9.4977786e-01
   1.9584086e-01   9.2915846e-01
  -1.0643607e-01   9.2713685e-01
   8.0766568e-03   1.1514784e+00
  -1.4039541e-01   8.9821173e-01
  -2.8749641e-01   9.3685658e-01
  -2.6270214e-01   8.8980551e-01
  -4.9573202e-01   7.3837677e-01
  -4.5592400e-01   7.8738553e-01
  -7.3203586e-01   6.5878453e-01
  -7.5433746e-01   5.2619376e-01
  -7.8150659e-01   6.2416397e-01
  -8.2831759e-01   4.2699538e-01
  -9.4037351e-01   4.1353310e-01
  -8.9109967e-01   2.8704730e-01
  -1.0129920e+00   2.0396963e-01
  -1.1012599e+00  -8.8972223e-02
  -9.9565889e-01  -1.3369450e-01
  -9.2199446e-01  -3.6445325e-01
  -7.5087330e-01  -4.5712869e-01
  -8.2112647e-01  -4.4230410e-01
  -5.7814486e-01  -6.5592649e-01
  -6.3603294e-01  -6.9003879e-01
  -5.3585270e-01  -8.6822478e-01
  -4.6335324e-01  -9.9059866e-01
  -3.2355617e-01  -8.6641931e-01
  -7.3921806e-02  -9.4585148e-01
   5.3264166e-02  -1.0199398e+00
   3.1721975e-01  -9.1650927e-01
   5.0208717e-01  -8.6083099e-01
   5.5117158e-01  -8.4186759e-01
   6.6194594e-01  -7.3481724e-01
   7.1913142e-01  -5.2884211e-01
   8.9685492e-01  -4.1822066e-01
   8.6663275e-01  -2.7177391e-01
   1.0440504e+00  -1.3562766e-01
   1.0101982e+00   1.1047395e-01
   8.6057618e-01   4.1751090e-01
   7.6252608e-01   5.7202305e-01
   7.9906859e-01   7.0956911e-01
   5.3798271e-01   7.3947195e-01
   4.1943451e-01   8.4234757e-01
   2.2039528e-01   1.0447818e+00
   9.3055041e-02   1.0163601e+00
  -1.6923014e-01   9.4992431e-01
  -3.4000263e-01   8.7882896e-01
  -5.7840095e-01   8.8359450e-01
  -6.8150332e-01   6.3336888e-01
  -8.7228292e-01   4.3009569e-01
  -9.8827220e-01   3.6780149e-01
  -1.0228290e+00   4.9351166e-02
  -9.2663742e-01  -2.0846430e-01
  -9.5434591e-01  -4.5056098e-01
  -8.5392047e-01  -6.0729739e-01
  -6.9231829e-01  -9.3348175e-01
  -3.2111684e-01  -1.0348682e+00
  -3.2739268e-01  -8.4401938e-01
   2.6462353e-02  -1.0042285e+00
   4.1839380e-01  -8.9485130e-01
   5.3948947e-01  -9.2784002e-01
   7.0349635e-01  -6.1840123e-01
   8.2683600e-01  -5.8883356e-01
   8.9160210e-01  -3.4158127e-01
   1.0627881e+00   8.9772247e-02
   9.9312193e-01   2.3710584e-01
   1.0121724e+00   5.1791442e-01
   6.6395092e-01   7.3278507e-01
   5.0507884e-01   7.6953257e-01
   1.7387814e-01   1.1264398e+00
  -8.2328523e-02   9.7935512e-01
  -3.5084541e-01   1.0334377e+00
  -7.1081121e-01   8.2719855e-01
  -7.9499201e-01   6.5430882e-01
  -8.5594827e-01   2.9978179e-01
  -9.0811138e-01   8.4158337e-02
  -1.0082559e+00  -3.5156892e-01
  -8.0645648e-01  -5.0988513e-01
  -4.4210674e-01  -8.7901389e-01
  -2.8564566e-01  -1.0573109e+00
   6.1304576e-03  -1.0714558e+00
   2.5190620e-01  -1.0190026e+00
   4.3426516e-01  -8.2093177e-01
   8.5150866e-01  -5.4852029e-01
   9.0066430e-01  -3.4867976e-01
   9.6397574e-01   1.0566197e-01
   1.0710799e+00   2.0028133e-01
   8.9958637e-01   5.8731593e-01
   6.0558122e-01   8.5567159e-01
   1.8228830e-01   8.9755545e-01
  -1.0015702e-01   1.0391452e+00
  -4.3089790e-01   8.4549426e-01
  -7.2922632e-01   7.0684113e-01
  -9.4532515e-01   3.3157035e-01
  -9.2783512e-01   6.4078013e-02
  -9.6475746e-01  -2.1677976e-01
  -8.6716649e-01  -6.1927785e-01
  -4.9298510e-01  -7.4895913e-01
  -2.3736231e-01  -1.0600363e+00
   2.1377549e-01  -9.3512263e-01
   4.4961262e-01  -8.2378458e-01
   7.5512678e-01  -7.4073533e-01
   9.2726552e-01  -2.4073816e-01
   1.0832822e+00   1.0352461e-01
   8.6888738e-01   2.5091758e-01
   5.5932214e-01   8.5649082e-01
   2.9262582e-01   9.0943133e-01
  -1.2637251e-01   1.1138725e+00
  -5.1581611e-01   9.6161439e-01
  -8.4797328e-01   7.3712374e-01
  -8.6083854e-01   3.1621179e-01
  -1.0649528e+00  -1.5510475e-01
  -7.8290930e-01  -6.5680381e-01
  -6.5215444e-01  -7.9918028e-01
  -2.1858197e-01  -9.9357524e-01
   7.9702598e-02  -1.0112034e+00
   6.2389556e-01  -8.4170028e-01
   7.2231588e-01  -6.8966193e-01
   1.0307631e+00  -1.1021870e-01
   9.4815032e-01   1.9608154e-01
   8.5619025e-01   6.8546935e-01
   4.4165364e-01   7.2503053e-01
   5.2088307e-02   7.5445791e-01
  -2.5951347e-01   8.8634318e-01
  -7.7950280e-01   6.7036645e-01
  -1.0338728e+00   2.9583073e-01
  -1.0613058e+00  -5.3879399e-02
  -9.2066763e-01  -5.2442465e-01
  -5.3125047e-01  -8.6561413e-01
  -1.5993224e-01  -1.0209647e+00
   3.0207225e-01  -1.0246831e+00
   6.9051033e-01  -5.6425098e-01
   8.7279178e-01  -3.5719995e-01
   1.0619769e+00   1.9814757e-01
   8.9775741e-01   5.1063163e-01
   3.0616379e-01   8.3043431e-01
   5.1423637e-02   8.9445673e-01
  -4.8001697e-01   9.9457177e-01
  -9.1186473e-01   5.4703575e-01
  -1.0249472e+00   2.0436080e-01
  -8.9963643e-01  -4.6606006e-01
  -7.8173064e-01  -8.3499957e-01
  -1.9732537e-01  -1.0141782e+00
   2.1616120e-01  -9.5056303e-01
   7.1916132e-01  -7.1224753e-01
   1.0047351e+00  -1.4095009e-01
   9.0272569e-01   8.2792212e-02
   7.3836074e-01   5.5881635e-01
   3.9004295e-01   9.2645962e-01
  -4.0472241e-02   1.0430426e+00
  -5.2892661e-01   8.8661189e-01
  -9.7605685e-01   3.8566838e-01
  -9.5376590e-01  -1.5371854e-01
  -8.9290761e-01  -6.4970890e-01
  -4.6281008e-01  -8.8053522e-01
   3.0602233e-02  -1.0916245e+00
   6.2546430e-01  -8.4749926e-01
   8.4221581e-01  -4.2119355e-01
   1.1982590e+00   1.2825486e-01
   9.2985777e-01   4.9906874e-01
   4.9697951e-01   8.5933857e-01
  -1.4543689e-01   1.0903076e+00
  -7.1361465e-01   7.4013700e-01
  -9.9162846e-01   2.8104064e-01
  -1.0320405e+00  -1.1815597e-01
  -6.7585661e-01  -6.1687667e-01
  -1.9208883e-01  -8.5878356e-01
   3.0036206e-01  -9.3815092e-01
   7.0287682e-01  -6.4692645e-01
   8.5885764e-01  -1.1080343e-01
   8.6529128e-01   5.0234934e-01
   7.1813574e-01   7.5924092e-01
   8.5926435e-03   9.2060213e-01
  -4.7768187e-01   8.8498930e-01
  -1.0324637e+00   3.1595421e-01
  -1.0812799e+00  -1.0802774e-01
  -6.5666629e-01  -6.1974263e-01
  -2.5284740e-01  -8.8950455e-01
   3.0465556e-01  -9.2033568e-01
   9.1681005e-01  -5.9553097e-01
   9.7365652e-01   1.5164214e-02
   8.6769015e-01   5.5365944e-01
   3.8881561e-01   8.4160313e-01
  -3.3734255e-01   9.5498436e-01
  -6.3748353e-01   7.0187682e-01
  -1.0479548e+00   2.4138800e-01
  -7.4389340e-01  -6.3373137e-01
  -4.5719479e-01  -8.6757746e-01
   2.1492018e-01  -9.2774181e-01
   7.5152499e-01  -6.8579978e-01
   1.0812962e+00  -7.6519872e-02
   8.1177236e-01   5.5267416e-01
   5.2595151e-01   8.6319189e-01
  -8.4202153e-02   9.4888270e-01
  -8.4060589e-01   7.5085487e-01
  -1.0811748e+00   1.2691688e-01
  -7.9846482e-01  -5.1995571e-01
  -3.4666060e-01  -8.8754659e-01
   2.5034154e-01  -9.4713410e-01
   9.0854673e-01  -6.3937040e-01
   1.0781746e+00  -4.0149829e-02
   6.7818250e-01   6.2374457e-01
   1.2596540e-01   9.7019161e-01
  -3.9819529e-01   9.4397668e-01
  -8.2055241e-01   4.4529870e-01
  -1.0331207e+00  -2.3630729e-01
  -6.7141158e-01  -7.6387653e-01
  -1.2102404e-01  -9.8801950e-01
   5.6611429e-01  -8.0027847e-01
   9.9197649e-01  -2.1981435e-01
   9.0736368e-01   3.5247383e-01
   5.6311730e-01   9.7198789e-01
  -7.0136995e-02   9.9571489e-01
  -7.9078272e-01   5.0532252e-01
  -9.9639708e-01  -1.4426002e-01
  -7.5512731e-01  -7.0224041e-01
  -2.2982309e-01  -1.0682342e+00
   5.0216195e-01  -9.1504548e-01
   9.4429403e-01  -2.4270167e-01
   9.5014246e-01   3.6485992e-01
   3.8688145e-01   1.0088092e+00
  -2.3270893e-01   1.0251829e+00
  -8.0120442e-01   6.3202831e-01
  -9.8648815e-01  -2.5209065e-01
  -7.5999467e-01  -7.3509753e-01
   3.5439417e-02  -9.7842677e-01
   6.3834837e-01  -7.7170053e-01
   1.0574639e+00  -1.9331896e-01
   8.1089117e-01   4.6299677e-01
   1.8454184e-01   1.0611669e+00
  -4.6877386e-01   9.5095727e-01
  -1.0201483e+00   3.8265631e-01
  -1.0163771e+00  -4.0889244e-01
  -2.0923265e-01  -8.6091161e-01
   2.8566275e-01  -1.0247819e+00
   8.4096957e-01  -4.6985060e-01
   1.0046247e+00   1.2791345e-01
   5.6936138e-01   9.2122936e-01
  -3.3757698e-01   9.0390671e-01
  -8.4975056e-01   5.7226798e-01
  -1.1158931e+00  -3.3842947e-01
  -4.7089673e-01  -8.7396856e-01
   1.8208838e-01  -9.6701044e-01
   8.0521646e-01  -6.6135548e-01
   9.0989393e-01   8.2034957e-02
   5.4233399e-01   8.8194905e-01
  -1.4033800e-01   1.0052808e+00
  -6.8082018e-01   5.8291881e-01
  -9.8821309e-01  -7.7656572e-02
  -6.2346997e-01  -7.2485582e-01
   1.5346704e-01  -9.2088282e-01
   8.9111583e-01  -5.3616923e-01
   7.5182128e-01   2.6202421e-01
   5.1863398e-01   8.2321447e-01
  -3.1639601e-01   9.4820291e-01
  -8.4117291e-01   4.4671690e-01
  -8.7600035e-01  -3.0723201e-01
  -4.2004038e-01  -8.2414898e-01
   4.1288123e-01  -9.8896603e-01
   9.4858694e-01  -3.0774581e-01
   9.2224722e-01   5.3677096e-01
   2.4284013e-01   9.3123800e-01
  -5.6833236e-01   7.9589461e-01
  -1.0401579e+00   1.9827602e-01
  -8.2596844e-01  -5.8474289e-01
  -1.8257109e-01  -8.0292861e-01
   6.7396435e-01  -7.5713571e-01
   1.0136006e+00   5.6605872e-02
   5.9433084e-01   8.3992584e-01
  -4.0145170e-02   1.0635602e+00
  -9.3347058e-01   5.8134856e-01
  -9.9107184e-01  -4.1630060e-01
  -3.8860112e-01  -9.5761958e-01
   4.0118087e-01  -9.5371059e-01
   1.0363844e+00  -1.0571054e-01
   9.2032713e-01   6.0938388e-01
  -1.2840556e-02   1.0349784e+00
  -6.5399795e-01   5.6696133e-01
  -1.1024991e+00  -1.1478752e-01
  -5.5946613e-01  -8.1019036e-01
   2.5766820e-01  -9.6850952e-01
   8.4275245e-01  -4.0118369e-01
   8.9064711e-01   5.7507277e-01
   2.4663665e-01   1.0877120e+00
  -6.6073615e-01   7.0342031e-01
  -1.0343692e+00   1.7851396e-02
  -6.9776545e-01  -8.4421052e-01
   2.5121796e-01  -9.7737509e-01
   8.7761620e-01  -5.7456194e-01
   9.1137418e-01   5.1524629e-01
   1.2693261e-01   9.0138238e-01
  -5.7753316e-01   6.7126803e-01
  -9.7530227e-01  -1.1067326e-01
  -5.3628584e-01  -7.5885583e-01
   4.2640869e-01  -1.0513152e+00
   9.9028428e-01  -2.4796856e-01
   8.2207252e-01   6.8141261e-01
   8.8373567e-02   1.0472282e+00
  -7.8040499e-01   5.3866704e-01
  -9.3220338e-01  -1.8466635e-01
  -2.6935265e-01  -1.0351867e+00
   6.4850879e-01  -9.1599512e-01
   9.8815502e-01   1.9305106e-02
   7.1304192e-01   8.2051681e-01
  -4.1770861e-01   9.1720744e-01
  -9.9988040e-01   2.8322439e-01
  -7.6858256e-01  -6.3619931e-01
   5.9916469e-02  -9.7028312e-01
   8.4559479e-01  -6.0571320e-01
   1.0836489e+00   4.5483754e-01
   3.3044041e-01   9.8697651e-01
  -6.8935187e-01   7.2052305e-01
  -8.6336885e-01  -1.3992683e-01
  -4.3723386e-01  -8.1142190e-01
   4.9768282e-01  -7.8356623e-01
   9.0663340e-01  -1.1187186e-01
   4.8377504e-01   9.3885730e-01
  -3.8390009e-01   9.4649918e-01
  -9.9615842e-01   2.5458041e-01
  -6.0989428e-01  -6.6852022e-01
   2.4853155e-01  -1.0955120e+00
   9.0468553e-01  -3.2394181e-01
   7.3177930e-01   3.6656740e-01
  -1.0258337e-01   1.0907589e+00
  -7.8052600e-01   5.5078416e-01
  -7.7420454e-01  -4.0145996e-01
  -9.7295040e-02  -9.7979477e-01
   8.2353656e-01  -5.4033991e-01
   9.2024787e-01   2.8777346e-01
   2.0964477e-01   9.9551288e-01
  -6.9496103e-01   8.0777951e-01
  -9.5953887e-01  -2.5250231e-01
  -2.7546187e-01  -1.1160385e+00
   7.8922602e-01  -6.2047303e-01
   9.4576614e-01   3.6348633e-01
   3.1895137e-01   9.3356932e-01
  -6.9437160e-01   6.9924581e-01
  -9.5950226e-01  -2.7618759e-01
  -2.5057116e-01  -8.6617226e-01
   6.9853524e-01  -6.8481829e-01
   1.0376701e+00   2.2222859e-01
   2.0440075e-01   8.4159029e-01
  -7.5342548e-01   6.0279383e-01
  -9.0894868e-01  -2.5700676e-01
  -3.0010786e-01  -1.0207655e+00
   7.8290738e-01  -6.3854403e-01
   9.0230707e-01   4.1044141e-01
   4.8841380e-02   9.7329647e-01
  -8.0086558e-01   6.0583563e-01
  -8.7058575e-01  -3.9830460e-01
  -9.7042799e-03  -1.0742851e+00
   9.5993043e-01  -6.0898695e-01
   8.7137448e-01   6.4115535e-01
  -1.0359931e-01   1.0423019e+00
  -9.4713733e-01   2.7329609e-01
  -7.8048664e-01  -5.5459499e-01
   2.8921037e-01  -1.0015396e+00
   9.6329871e-01  -1.3029965e-01
   6.2767662e-01   6.8792270e-01
  -3.3924337e-01   8.2664736e-01
  -9.4248776e-01  -4.7449225e-02
  -6.1806370e-01  -8.1385333e-01
   5.0619671e-01  -8.2633543e-01
   1.0412143e+00   1.7171200e-01
   3.4274245e-01   1.0609881e+00
  -7.1322503e-01   7.6065686e-01
  -9.5923056e-01  -3.3094257e-01
  -6.4540763e-02  -1.1203528e+00
   7.6628234e-01  -3.8371864e-01
   7.5205901e-01   6.1491119e-01
  -1.5181424e-01   1.0655089e+00
  -8.5570324e-01   1.7886511e-01
  -5.6582966e-01  -6.3478125e-01
   4.8963084e-01  -8.7732625e-01
   9.0550376e-01   1.1317768e-01
   2.9383670e-01   9.5738015e-01
  -6.6532885e-01   4.7397368e-01
  -8.4987252e-01  -4.1836814e-01
  -7.1202174e-03  -1.0487874e+00
   9.6846708e-01  -6.1591770e-01
   5.9508670e-01   6.0655921e-01
  -3.5065958e-01   9.5497454e-01
  -1.0473921e+00   3.1420471e-02
  -4.3213949e-01  -9.3339684e-01
   7.2976327e-01  -7.6237854e-01
   9.2231725e-01   3.2261455e-01
  -3.9123959e-02   9.1834901e-01
  -9.8263700e-01   3.1927715e-01
  -7.3811506e-01  -6.2860802e-01
   3.4379998e-01  -9.1922489e-01
   9.5718779e-01   7.3198576e-02
   4.6652728e-01   9.4376854e-01
  -6.3787782e-01   6.6898942e-01
  -1.0298425e+00  -4.5615875e-01
   1.3651429e-01  -8.9405369e-01
   8.7664995e-01  -1.9590478e-01
   5.1863723e-01   8.9786446e-01
  -5.4069306e-01   8.6134718e-01
  -7.8642339e-01  -3.0131307e-01
  -1.2687552e-01  -1.0585553e+00
   8.6191009e-01  -4.5122810e-01
   6.6812783e-01   7.3459641e-01
  -3.9468138e-01   8.9258678e-01
  -1.0156418e+00  -5.5054852e-02
  -2.9803852e-01  -9.8423822e-01
   8.3806056e-01  -5.2778306e-01
   8.8634734e-01   5.9044777e-01
  -3.7809703e-01   9.5483769e-01
  -1.0336457e+00   6.3384398e-02
  -4.0036881e-01  -1.0624333e+00
   7.0188490e-01  -5.6515986e-01
   8.3264205e-01   6.5461113e-01
  -2.5448390e-01   9.5928899e-01
  -1.0597160e+00  -9.5152979e-02
  -2.3108518e-01  -1.0814472e+00
   7.2128311e-01  -5.8538698e-01
   8.6986931e-01   5.8495540e-01
  -2.6300427e-01   8.8368918e-01
  -1.0149918e+00  -8.1890424e-02
  -2.8449854e-01  -1.0355537e+00
   9.0789831e-01  -4.4057466e-01
   6.9669890e-01   7.9732780e-01
  -4.3785672e-01   9.2937077e-01
  -1.0383973e+00  -2.3893633e-01
   5.3018556e-03  -1.0034988e+00
   8.8552596e-01  -3.0572919e-01
   6.0414755e-01   8.2267922e-01
  -5.0171210e-01   5.8854974e-01
  -9.5555033e-01  -3.7599282e-01
   1.6702256e-01  -9.7632489e-01
   1.1709095e+00  -3.0563932e-02
   3.7065276e-01   8.1337871e-01
  -7.7593002e-01   5.4182289e-01
  -7.4382964e-01  -7.7406485e-01
   3.6139631e-01  -8.4860799e-01
   9.7476271e-01   1.0724598e-01
   7.7116079e-02   1.1342723e+00
  -1.0216334e+00   2.6815179e-01
  -5.6183248e-01  -8.7834151e-01
   7.7191225e-01  -6.5624986e-01
   7.3172575e-01   6.8240598e-01
  -4.1799651e-01   8.7841423e-01
  -9.1354122e-01  -1.6331213e-01
  -1.7097755e-01  -9.8720175e-01
   9.1077373e-01  -3.6744386e-01
   5.4032668e-01   7.3324537e-01
  -6.8797424e-01   7.7054293e-01
  -7.3858201e-01  -5.7774978e-01
   3.2200093e-01  -9.6626463e-01
   1.0127193e+00   1.4555815e-01
   8.6440932e-02   9.9138732e-01
  -9.7674260e-01   1.6400909e-01
  -3.7378424e-01  -1.0072176e+00
   7.6297102e-01  -4.4154329e-01
   8.0963263e-01   7.2408225e-01
  -6.6429164e-01   8.5891300e-01
  -8.8830896e-01  -2.8947008e-01
   2.2182284e-01  -1.0064967e+00
   1.0399068e+00  -1.6641905e-02
   1.3515769e-01   9.6664884e-01
  -1.0345988e+00   3.8342894e-01
  -5.7298086e-01  -8.9320227e-01
   6.8205252e-01  -6.7019021e-01
   7.8160956e-01   7.0134374e-01
  -4.6130894e-01   9.0430234e-01
  -8.8746531e-01  -3.5320864e-01
   1.4575425e-01  -1.0285771e+00
   1.0351381e+00   6.4808888e-02
   1.0703926e-01   9.2406774e-01
  -1.0052169e+00   2.0031077e-01
  -3.5912618e-01  -9.6628967e-01
   7.9406921e-01  -3.3033844e-01
   6.3980149e-01   8.2828238e-01
  -6.4924970e-01   7.6594130e-01
  -8.3235560e-01  -5.0792491e-01
   5.0089524e-01  -8.8980160e-01
   9.5429072e-01   3.4354648e-01
  -2.3999557e-01   8.4079622e-01
  -9.0977956e-01  -5.6069436e-02
   8.0374733e-02  -9.1913001e-01
   8.9369005e-01  -1.2973780e-01
   2.3102505e-01   7.9764592e-01
  -9.0124105e-01   4.4739846e-01
  -5.1463770e-01  -7.3161270e-01
   7.5349308e-01  -5.1422711e-01
   4.7153184e-01   7.7357763e-01
  -6.9624512e-01   7.1261373e-01
  -6.3290086e-01  -6.8959316e-01
   6.0568654e-01  -7.7461944e-01
   9.8354143e-01   5.9508743e-01
  -3.8631954e-01   9.6321872e-01
  -8.0107717e-01  -2.9811032e-01
   2.3360075e-01  -9.5291877e-01
   1.1299470e+00   7.8600341e-02
  -3.7355917e-02   9.2144278e-01
  -1.1044819e+00  -2.9997214e-02
  -8.5973596e-02  -9.3309205e-01
   1.0423050e+00  -1.4766486e-01
   1.4164593e-01   9.1655689e-01
  -8.9287710e-01   2.3801816e-01
  -3.6099232e-01  -9.6635751e-01
   8.7133870e-01  -4.2353638e-01
   4.6386297e-01   7.3282069e-01
  -7.5523707e-01   5.0728745e-01
  -5.8625125e-01  -7.0714800e-01
   8.1528036e-01  -5.3281339e-01
   5.5050064e-01   9.2771328e-01
  -7.8195626e-01   7.4363459e-01
  -7.1041675e-01  -8.2446709e-01
   7.5902272e-01  -7.9035034e-01
   7.0922550e-01   6.6169814e-01
  -6.7724500e-01   7.4022958e-01
  -8.2333466e-01  -5.7204286e-01
   6.0175343e-01  -8.4316090e-01
   8.3729206e-01   6.3022921e-01
  -5.2898502e-01   7.8442295e-01
  -8.4782702e-01  -5.5121270e-01
   5.6118122e-01  -8.2718458e-01
   9.7628902e-01   5.1138059e-01
  -5.0853306e-01   8.1635453e-01
  -9.8314314e-01  -5.1189487e-01
   5.8066446e-01  -1.0019753e+00
   8.1091510e-01   5.1112753e-01
  -6.3950517e-01   8.0226619e-01
  -8.0126029e-01  -5.1208416e-01
   6.0168858e-01  -8.9639207e-01
   8.0335607e-01   4.9187516e-01
  -5.0541956e-01   8.7677232e-01
  -8.4012138e-01  -5.7897809e-01
   6.8354010e-01  -7.8432035e-01
   6.8139540e-01   7.5648055e-01
  -7.2750075e-01   6.9779008e-01
  -7.5274116e-01  -7.2436429e-01
   7.7773038e-01  -7.3756427e-01
   7.0636951e-01   6.6417924e-01
  -7.7798833e-01   6.9591532e-01
  -7.1666946e-01  -7.3490639e-01
   8.7732793e-01  -4.9626447e-01
   6.3706144e-01   8.8823677e-01
  -8.2071552e-01   3.8851662e-01
  -4.4145550e-01  -9.2153893e-01
   8.6011654e-01  -3.4620244e-01
   3.9091531e-01   9.0563314e-01
  -1.0583822e+00   2.5454102e-01
  -2.7251928e-01  -1.0261738e+00
   1.0029527e+00  -1.0356858e-01
   4.9712448e-02   1.0159712e+00
  -9.2077768e-01   3.8178164e-03
   5.9669871e-02  -8.8311101e-01
   9.6660382e-01   8.7259183e-02
  -2.4013495e-01   9.4213049e-01
  -1.1746060e+00  -2.3504563e-01
   4.1847993e-01  -9.6396671e-01
   1.0042836e+00   4.7691043e-01
  -6.5391834e-01   7.7068101e-01
  -8.0472106e-01  -6.4517641e-01
   5.6639313e-01  -7.9203474e-01
   6.6917930e-01   7.6530927e-01
  -7.6883671e-01   6.1037262e-01
  -4.6076117e-01  -9.0272666e-01
   1.0066710e+00  -4.2191299e-01
   3.1824810e-01   9.3119949e-01
  -9.4562721e-01   1.9546006e-01
  -1.9749018e-01  -1.0129106e+00
   9.8218972e-01   1.6556288e-01
  -2.7287593e-01   9.8495434e-01
  -8.4502776e-01  -2.0276948e-01
   4.8577731e-01  -1.0824939e+00
   8.0304685e-01   4.6767153e-01
  -5.7514074e-01   8.3154686e-01
  -7.0836050e-01  -7.4962222e-01
   9.2752556e-01  -6.5871214e-01
   4.8861513e-01   8.4131454e-01
  -8.9882063e-01   2.4931261e-01
  -7.4890494e-02  -1.0872718e+00
   1.1035401e+00  -2.4780582e-02
  -1.3316178e-01   9.6014924e-01
  -8.8331438e-01  -2.6743505e-01
   4.6269606e-01  -9.1294959e-01
   8.8559686e-01   5.5867937e-01
  -6.2196449e-01   6.3078735e-01
  -5.8661923e-01  -7.5780716e-01
   8.2175952e-01  -4.2914478e-01
   3.6664951e-01   1.0300491e+00
  -9.7735596e-01   7.2972515e-02
   5.2262805e-02  -9.6625689e-01
   9.3949077e-01   3.1521337e-01
  -4.4700978e-01   8.5682145e-01
  -7.4276740e-01  -5.1405607e-01
   6.9116898e-01  -6.5211881e-01
   5.1966710e-01   9.5361244e-01
  -9.6656915e-01   4.7644347e-01
  -1.6513321e-01  -1.0193776e+00
   1.1018657e+00  -1.0617343e-03
  -3.8062889e-01   9.6464785e-01
  -9.0015526e-01  -4.7969529e-01
   5.9553335e-01  -7.5290826e-01
   6.7739462e-01   9.1421887e-01
  -8.0893721e-01   3.2485107e-01
  -2.7371882e-01  -8.9624920e-01
   1.1010824e+00   1.4210633e-02
  -5.6856263e-02   1.0076710e+00
  -8.8557572e-01  -3.9072961e-01
   5.7137165e-01  -6.5567973e-01
   6.2674079e-01   8.2705828e-01
  -9.1944912e-01   3.0176384e-01
  -3.0259560e-01  -1.0921188e+00
   9.9318579e-01   3.9622520e-04
  -3.0706121e-01   9.0963647e-01
  -8.4325935e-01  -4.6739998e-01
   7.9645423e-01  -6.2115762e-01
   4.2469005e-01   9.3521702e-01
  -8.7335097e-01   2.4615788e-01
  -7.8597708e-02  -9.5662408e-01
   9.3414727e-01   1.5869656e-01
  -6.0728979e-01   8.5155940e-01
  -7.4752381e-01  -8.6424619e-01
   7.6131764e-01  -5.9242304e-01
   2.5145516e-01   9.5811271e-01
  -1.0040326e+00  -8.1663843e-02
   3.3868764e-01  -9.8162396e-01
   8.5260860e-01   6.3329833e-01
  -9.1829262e-01   5.5527684e-01
  -3.5762774e-01  -9.8579280e-01
   1.0063404e+00  -1.3235186e-01
  -1.6569594e-01   8.6584958e-01
  -9.8533092e-01  -4.7378497e-01
   7.3165404e-01  -5.9636268e-01
   5.2233792e-01   8.7337883e-01
  -9.3852597e-01   2.0740776e-01
   1.7926351e-01  -8.6956577e-01
   7.9345948e-01   3.0132648e-01
  -7.8766978e-01   7.4168788e-01
  -4.8429100e-01  -8.3619970e-01
   1.0124881e+00  -1.3653232e-01
  -2.3026649e-01   1.0138963e+00
  -8.4881567e-01  -3.8016619e-01
   6.2632365e-01  -6.1380768e-01
   5.3260374e-01   9.5746252e-01
  -1.0218812e+00  -1.7033417e-02
   2.9463856e-01  -9.2664199e-01
   7.5349234e-01   6.2381373e-01
  -7.8706051e-01   6.6129111e-01
  -2.6598526e-01  -1.0387416e+00
   9.3806019e-01   5.9506177e-03
  -2.2602884e-01   8.7908840e-01
  -7.0277908e-01  -8.5328190e-01
   9.3063476e-01  -3.5292012e-01
   1.5973359e-02   9.9860321e-01
  -9.8464969e-01  -2.9539345e-01
   5.9460249e-01  -8.2197292e-01
   5.8195202e-01   8.8240920e-01
  -8.9019707e-01   2.3822706e-01
   3.6370098e-01  -1.1018257e+00
   8.9180219e-01   5.9275340e-01
  -7.3970697e-01   5.5739532e-01
  -2.3749356e-01  -1.0350117e+00
   1.0353303e+00   1.1787026e-01
  -5.6492388e-01   8.0875439e-01
  -6.5514778e-01  -8.9452418e-01
   1.0061989e+00  -1.8919608e-01
  -1.3040765e-01   9.9276706e-01
  -7.8407834e-01  -6.8489459e-01
   9.1416035e-01  -5.6611899e-01
   2.0880478e-01   1.0138411e+00
  -9.9753403e-01  -5.1611174e-02
   5.3147604e-01  -1.0201377e+00
   4.8681832e-01   8.5583162e-01
  -9.2193008e-01   3.1695774e-01
   1.9900770e-01  -1.0568747e+00
   8.5920362e-01   6.6481715e-01
  -8.5491843e-01   4.8417090e-01
  -4.2454948e-02  -9.2900673e-01
   9.2707788e-01   5.0850806e-01
  -7.4184749e-01   5.5182075e-01
  -4.2593842e-01  -9.9231317e-01
   1.0575607e+00   1.9793886e-01
  -5.1632320e-01   7.5344925e-01
  -5.5863390e-01  -7.4684462e-01
   9.2718650e-01  -6.6030193e-02
  -3.4227412e-01   8.8821189e-01
  -7.3588948e-01  -7.8606815e-01
   1.0445455e+00  -3.1851521e-01
  -2.4135526e-01   9.4526247e-01
  -7.4526775e-01  -5.3536179e-01
   8.8363029e-01  -5.4458980e-01
  -5.8323753e-03   1.0082818e+00
  -9.2796192e-01  -3.8198491e-01
   8.7618522e-01  -4.8287781e-01
   1.9576015e-01   1.0250852e+00
  -9.4713689e-01  -3.3933502e-01
   6.9694487e-01  -7.0336477e-01
   1.8501775e-01   9.5476981e-01
  -8.0429623e-01  -2.2761660e-01
   5.7998649e-01  -8.0921818e-01
   4.4669797e-01   9.5434805e-01
  -9.6773528e-01  -1.7103889e-01
   5.3713660e-01  -6.9213091e-01
   2.8369019e-01   8.8366891e-01
  -9.6231290e-01  -7.6544752e-02
   4.6192435e-01  -8.3720017e-01
   4.3839949e-01   8.5300341e-01
  -9.9012788e-01   2.8361720e-02
   5.6668296e-01  -9.1805620e-01
   5.2379246e-01   9.4182710e-01
  -1.0337004e+00  -5.4071107e-02
   4.9195221e-01  -8.3451568e-01
   5.4287484e-01   8.7671062e-01
  -9.4587843e-01   2.9148409e-02
   5.5250290e-01  -8.9883671e-01
   5.3633706e-01   8.6337690e-01
  -9.6583219e-01  -3.8958493e-02
   5.3979455e-01  -7.9652795e-01
   3.8292880e-01   8.4259147e-01
  -8.1764549e-01  -7.5521058e-02
   6.7037828e-01  -8.8295434e-01
   2.9930790e-01   1.0516662e+00
  -1.0622344e+00  -1.3572195e-01
   6.0933280e-01  -5.9608901e-01
   2.2639141e-01   9.5859533e-01
  -1.0769940e+00  -2.5145687e-01
   8.5292887e-01  -6.0120582e-01
   1.3560209e-01   8.9089129e-01
  -8.2282069e-01  -3.5244511e-01
   7.6719339e-01  -6.1021616e-01
  -1.2510642e-01   9.4801867e-01
  -8.7183259e-01  -5.5618095e-01
   9.4144017e-01  -2.9974412e-01
  -2.2099470e-01   9.9714788e-01
  -7.3759943e-01  -6.7857616e-01
   9.9063297e-01  -9.4781323e-02
  -2.7846467e-01   6.9719893e-01
  -4.2067731e-01  -8.1483123e-01
   1.1023662e+00  -1.5765097e-02
  -4.8123779e-01   8.1598974e-01
  -3.1188916e-01  -1.0030306e+00
   8.2484587e-01   3.9202521e-01
  -6.7849106e-01   7.0152038e-01
   1.3603065e-01  -9.7066663e-01
   7.9141289e-01   6.4891173e-01
  -7.9395465e-01   3.6369825e-01
   3.1891557e-01  -8.8173541e-01
   7.2735657e-01   7.7283173e-01
  -9.6902458e-01   8.6407512e-02
   5.7562852e-01  -8.5518108e-01
   1.1630437e-01   8.6845043e-01
  -9.7068339e-01  -3.0414525e-01
   8.3515817e-01  -5.1968072e-01
   3.6730643e-03   1.1740186e+00
  -8.7977219e-01  -7.2074191e-01
   9.5479522e-01  -1.9198710e-01
  -2.2855095e-01   9.6359788e-01
  -5.6554180e-01  -9.3147579e-01
   9.7998339e-01   2.2048386e-01
  -6.6471253e-01   7.3389595e-01
  -9.5416058e-02  -1.0527972e+00
   9.1775689e-01   5.6070583e-01
  -9.2716828e-01   3.5527627e-01
   4.0965631e-01  -9.4831669e-01
   4.5931039e-01   9.3062884e-01
  -1.0685961e+00  -9.3382188e-02
   7.0279259e-01  -7.4414939e-01
   1.6819642e-01   1.0929755e+00
  -7.8648228e-01  -5.6887139e-01
   9.5062556e-01  -3.0850302e-01
  -4.6049449e-01   9.1223405e-01
  -4.8423575e-01  -1.0057337e+00
   1.0665131e+00   2.7688538e-01
  -9.0883981e-01   6.5743090e-01
   6.5038912e-03  -1.0394071e+00
   6.3332386e-01   7.4204754e-01
  -9.7691845e-01   1.2405288e-01
   4.9907502e-01  -7.2433429e-01
   1.6904926e-01   9.0805328e-01
  -9.0190520e-01  -4.5961174e-01
   1.0688017e+00  -2.9951235e-01
  -3.7038076e-01   9.8659954e-01
  -5.2504695e-01  -7.5993832e-01
   8.5458823e-01   2.4053697e-01
  -8.8027805e-01   6.0225233e-01
   1.0493719e-01  -1.0419725e+00
   5.5924982e-01   8.0912088e-01
  -9.0036071e-01  -1.5376701e-01
   7.6988045e-01  -6.3164958e-01
   6.7582509e-02   1.0823879e+00
  -8.8847799e-01  -6.1005250e-01
   1.0603892e+00  -8.6083784e-02
  -4.7940102e-01   7.4468537e-01
  -1.5024910e-01  -9.4364054e-01
   9.1626622e-01   5.0988538e-01
  -9.6993069e-01   1.4966495e-01
   4.4889411e-01  -8.5911003e-01
   2.2176024e-01   9.2970022e-01
  -8.1130564e-01  -4.3792279e-01
   9.8547723e-01  -3.0285288e-01
  -5.2932786e-01   7.4084441e-01
  -1.0598485e-01  -1.0560367e+00
   9.8030268e-01   4.5050004e-01
  -9.7876474e-01   4.1159416e-01
   5.0277141e-01  -8.7964581e-01
   2.5406729e-01   1.0511186e+00
  -8.6956117e-01  -6.0774175e-01
   9.7100944e-01  -2.3807587e-01
  -5.8397330e-01   8.0450167e-01
  -2.3420272e-01  -1.0330229e+00
   9.1117471e-01   4.7409897e-01
  -9.8981410e-01   1.9160101e-01
   6.2481875e-01  -7.5303012e-01
   3.9421101e-02   1.0115529e+00
  -7.0860693e-01  -5.8434987e-01
   9.9496890e-01  -7.0162886e-02
  -7.1261284e-01   6.1461930e-01
   9.8347576e-02  -1.0351660e+00
   6.5677627e-01   6.9071888e-01
  -9.4429242e-01  -1.9608268e-01
   7.8961705e-01  -5.3431277e-01
  -3.2635741e-01   9.1320470e-01
  -4.7907836e-01  -7.9329747e-01
   1.0108772e+00   3.3307039e-01
  -7.8301811e-01   3.6059846e-01
   4.8430796e-01  -7.7137354e-01
   2.4735886e-01   1.0257373e+00
  -7.4697853e-01  -4.6708349e-01
   9.7351140e-01  -3.6776651e-02
  -7.6375281e-01   7.8030817e-01
   9.8978970e-02  -9.7750642e-01
   6.2842517e-01   7.9381502e-01
  -9.2691263e-01  -2.2042236e-01
   9.7983961e-01  -3.7302695e-01
  -3.8905755e-01   8.3798124e-01
  -1.5835356e-01  -9.9149393e-01
   8.0171107e-01   8.3362647e-01
  -9.4031701e-01   9.0447038e-02
   7.1060825e-01  -5.9572811e-01
  -1.5836526e-01   1.0840230e+00
  -4.6658336e-01  -8.1736138e-01
   8.9129974e-01   3.9170849e-01
  -9.6520145e-01   1.8121654e-01
   5.8128130e-01  -8.4668254e-01
  -4.3219053e-03   1.0489241e+00
  -8.5187374e-01  -7.6709143e-01
   1.0876851e+00   2.7419679e-01
  -9.1682269e-01   4.3030327e-01
   4.1451081e-01  -9.1586987e-01
   3.5863642e-01   9.6783900e-01
  -7.5786255e-01  -6.7849201e-01
   8.6778636e-01   2.1009992e-02
  -7.9755412e-01   6.4123971e-01
   2.8561861e-01  -1.0129228e+00
   2.9022191e-01   9.1978246e-01
  -8.9777091e-01  -5.2088531e-01
   9.8532048e-01  -2.5791432e-02
  -7.3079544e-01   6.3091691e-01
   3.4733302e-01  -1.0125861e+00
   3.0668262e-01   1.0047545e+00
  -8.7617153e-01  -5.5083174e-01
   9.2883221e-01  -3.5127756e-02
  -8.0870013e-01   4.9784679e-01
   4.3585866e-01  -9.2450791e-01
   2.9024867e-01   1.0124585e+00
  -7.5737123e-01  -7.6383385e-01
   9.2046415e-01   1.7309393e-01
  -8.8900351e-01   4.0139924e-01
   3.6617437e-01  -9.4155434e-01
   1.7892432e-01   8.6249028e-01
  -5.7897550e-01  -7.6613996e-01
   9.5940220e-01   2.1671643e-01
  -9.8217899e-01   2.6363800e-01
   4.4659382e-01  -7.8289099e-01
   1.0841804e-03   9.7385423e-01
  -4.0984124e-01  -9.2866456e-01
   8.8100254e-01   4.8706156e-01
  -9.7366287e-01   1.1593284e-01
   6.3479815e-01  -6.4223663e-01
  -4.1073972e-01   9.9352533e-01
  -1.8178003e-01  -8.9346759e-01
   6.9926822e-01   6.7524939e-01
  -9.1324143e-01  -1.7891210e-01
   9.3314038e-01  -2.6452208e-01
  -7.0957909e-01   6.6630657e-01
   2.4542941e-01  -9.5516027e-01
   3.0746647e-01   9.9999187e-01
  -8.9829606e-01  -6.2096635e-01
   1.0518937e+00   1.3239891e-01
  -8.8670834e-01   3.2173439e-01
   5.1671553e-01  -7.6490812e-01
  -1.1142907e-02   9.6734512e-01
  -3.8762210e-01  -8.3266517e-01
   7.6168175e-01   5.7678821e-01
  -1.0100584e+00  -2.0950950e-02
   9.6456835e-01  -3.5210776e-01
  -4.9060096e-01   7.1420264e-01
   6.9315272e-03  -1.0197063e+00
   5.2125151e-01   9.9823647e-01
  -7.8642811e-01  -6.6799738e-01
   1.0750647e+00   1.9300533e-01
  -1.0207362e+00   3.8113281e-01
   6.5591860e-01  -7.7793860e-01
  -1.6119783e-01   1.0295557e+00
  -3.9787986e-01  -9.3802489e-01
   7.3070889e-01   6.6067802e-01
  -1.0602277e+00  -2.7755614e-01
   1.0047187e+00  -2.2683065e-01
  -7.9762392e-01   5.4896305e-01
   5.2830710e-01  -8.9854876e-01
   1.9540572e-01   1.0836528e+00
  -5.7531386e-01  -6.9417683e-01
   7.5978814e-01   4.6656878e-01
  -8.7111726e-01  -6.4599729e-02
   8.7232161e-01  -5.3489400e-01
  -5.8521581e-01   7.4845412e-01
   1.5118255e-01  -7.7216672e-01
   1.0680461e-01   9.5550408e-01
  -5.7308335e-01  -7.9990381e-01
   1.0425945e+00   4.5321601e-01
  -9.7440939e-01  -3.2942519e-02
   8.0793193e-01  -5.5501072e-01
  -6.1408919e-01   8.3511806e-01
   2.0187676e-01  -9.2816466e-01
   1.2954850e-01   9.7635940e-01
  -6.8045336e-01  -8.1751526e-01
   8.8096637e-01   6.0107416e-01
  -1.1591473e+00  -2.2799397e-02
   8.2056425e-01  -3.1438566e-01
  -7.7869569e-01   7.4009981e-01
   5.1433696e-01  -9.3980983e-01
   2.9512328e-02   9.9185636e-01
  -4.3116040e-01  -9.1825685e-01
   7.8276778e-01   6.3562986e-01
  -1.0188809e+00  -2.8916962e-01
   1.0481675e+00  -1.1129513e-01
  -9.5014449e-01   3.9589115e-01
   6.1750233e-01  -8.2062859e-01
  -1.9539524e-01   1.0467126e+00
  -2.4432697e-01  -1.0701321e+00
   5.1517860e-01   7.8095225e-01
  -7.0300708e-01  -4.9876869e-01
   9.8231009e-01   3.0385204e-01
  -9.4335346e-01   8.2140394e-02
   8.9941387e-01  -4.9318740e-01
  -7.1471474e-01   8.0215802e-01
   2.3639472e-01  -1.0864571e+00
   9.9104344e-02   9.1663159e-01
  -5.4986675e-01  -9.4036315e-01
   7.2278775e-01   7.1224644e-01
  -1.0107109e+00  -3.1970277e-01
   9.8139031e-01   4.9030540e-02
  -1.0058665e+00   3.3980017e-01
   8.5980578e-01  -6.2791946e-01
  -4.2280566e-01   8.1205501e-01
   1.4278368e-01  -9.7137442e-01
   7.4412920e-03   9.1424363e-01
  -5.2845688e-01  -8.6378382e-01
   7.4886976e-01   5.9485389e-01
  -8.6379055e-01  -4.6760921e-01
   1.0021631e+00   1.3335037e-01
  -9.6716876e-01   3.5138622e-01
   8.6722051e-01  -6.0641860e-01
  -5.8680446e-01   6.6784962e-01
   3.5287140e-01  -9.0221917e-01
  -3.9075672e-03   8.8019218e-01
  -3.0344026e-01  -9.5254592e-01
   6.2924995e-01   7.2948945e-01
  -7.8900014e-01  -6.5689163e-01
   9.5704574e-01   3.0506027e-01
  -1.0081795e+00  -7.4175387e-02
   9.2621271e-01  -3.7456112e-01
  -9.1408980e-01   5.2524870e-01
   6.0632908e-01  -7.7760443e-01
  -2.7602661e-01   8.8814548e-01
   9.8889199e-02  -9.2271070e-01
   2.3514369e-01   9.8947411e-01
  -5.0404884e-01  -7.6672526e-01
   7.2288713e-01   6.6476312e-01
  -9.4849510e-01  -5.3489937e-01
   1.0640652e+00   2.1641244e-01
  -1.1257617e+00   7.0278951e-02
   8.8707107e-01  -3.4909486e-01
  -8.6180924e-01   6.0683327e-01
   5.2445185e-01  -6.6038906e-01
  -3.3696861e-01   7.5263772e-01
   1.0253223e-01  -9.3856315e-01
   2.3215675e-01   1.0687625e+00
  -3.5087530e-01  -1.0256109e+00
   5.4491821e-01   8.5567298e-01
  -9.4697176e-01  -7.0338079e-01
   9.0198886e-01   6.0431079e-01
  -9.5157773e-01  -1.3472446e-01
   1.0178677e+00  -1.8493143e-02
  -1.0528608e+00   3.9714221e-01
   7.5779002e-01  -5.3568778e-01
  -5.8963487e-01   7.4881929e-01
   5.7760331e-01  -9.2886056e-01
  -3.0177185e-01   9.2012388e-01
   8.0438809e-02  -9.8296441e-01
   1.1102874e-01   1.0788050e+00
  -1.8307995e-01  -9.5807091e-01
   3.6529843e-01   8.2537797e-01
  -6.8445008e-01  -7.1194298e-01
   8.3446003e-01   5.9445086e-01
  -8.2443819e-01  -4.1158897e-01
   9.4677199e-01   1.8412240e-01
  -1.0518558e+00  -1.1278108e-01
   7.8500730e-01  -3.4352723e-01
  -9.7538831e-01   4.4238628e-01
   8.9605637e-01  -5.5428109e-01
  -7.8703243e-01   7.5697004e-01
   5.6969928e-01  -7.8286806e-01
  -3.6533770e-01   7.8607579e-01
   1.3891380e-01  -9.5492096e-01
  -2.3528559e-02   1.0796955e+00
  -6.1602265e-02  -1.0045329e+00
   2.8216134e-01   1.1206652e+00
  -3.0223222e-01  -7.9430511e-01
   6.5728674e-01   9.2100991e-01
  -7.4688745e-01  -7.1868252e-01
   7.6639143e-01   6.3505493e-01
  -9.4621576e-01  -4.5694649e-01
   9.6957664e-01   2.5650261e-01
  -9.6785396e-01  -1.7323847e-01
